AIRFOIL_LNY
1.0000561 0.0016086
0.9999804 0.0016248
0.9997534 0.0016737
0.9993751 0.0017551
0.9988456 0.0018690
0.9981651 0.0020152
0.9973338 0.0021937
0.9963520 0.0024042
0.9952198 0.0026467
0.9939377 0.0029208
0.9925061 0.0032263
0.9909252 0.0035630
0.9891957 0.0039306
0.9873180 0.0043288
0.9852927 0.0047571
0.9831203 0.0052153
0.9808015 0.0057030
0.9783370 0.0062197
0.9757275 0.0067650
0.9729738 0.0073385
0.9700766 0.0079396
0.9670369 0.0085679
0.9638555 0.0092228
0.9605334 0.0099039
0.9570715 0.0106105
0.9534709 0.0113421
0.9497326 0.0120981
0.9458577 0.0128779
0.9418474 0.0136809
0.9377029 0.0145064
0.9334254 0.0153538
0.9290161 0.0162225
0.9244763 0.0171119
0.9198075 0.0180211
0.9150110 0.0189495
0.9100882 0.0198966
0.9050406 0.0208614
0.8998696 0.0218434
0.8945769 0.0228418
0.8891640 0.0238560
0.8836324 0.0248851
0.8779840 0.0259285
0.8722202 0.0269854
0.8663430 0.0280550
0.8603539 0.0291368
0.8542548 0.0302298
0.8480476 0.0313333
0.8417341 0.0324467
0.8353161 0.0335691
0.8287957 0.0346998
0.8221747 0.0358380
0.8154551 0.0369830
0.8086391 0.0381340
0.8017285 0.0392903
0.7947255 0.0404510
0.7876322 0.0416155
0.7804508 0.0427829
0.7731833 0.0439525
0.7658321 0.0451235
0.7583992 0.0462952
0.7508870 0.0474668
0.7432976 0.0486374
0.7356335 0.0498064
0.7278970 0.0509729
0.7200902 0.0521361
0.7122157 0.0532953
0.7042759 0.0544497
0.6962730 0.0555985
0.6882096 0.0567409
0.6800880 0.0578760
0.6719108 0.0590032
0.6636805 0.0601216
0.6553995 0.0612304
0.6470703 0.0623287
0.6386955 0.0634158
0.6302777 0.0644909
0.6218193 0.0655531
0.6133231 0.0666016
0.6047915 0.0676356
0.5962271 0.0686543
0.5876327 0.0696568
0.5790108 0.0706424
0.5703640 0.0716101
0.5616950 0.0725592
0.5530064 0.0734888
0.5443010 0.0743982
0.5355813 0.0752864
0.5268500 0.0761526
0.5181099 0.0769961
0.5093636 0.0778159
0.5006137 0.0786114
0.4918630 0.0793816
0.4831142 0.0801258
0.4743700 0.0808432
0.4656329 0.0815329
0.4569059 0.0821943
0.4481914 0.0828264
0.4394923 0.0834287
0.4308111 0.0840002
0.4221506 0.0845404
0.4135135 0.0850484
0.4049024 0.0855236
0.3963199 0.0859652
0.3877688 0.0863727
0.3792517 0.0867453
0.3707711 0.0870825
0.3623298 0.0873836
0.3539304 0.0876480
0.3455754 0.0878753
0.3372674 0.0880648
0.3290091 0.0882161
0.3207591 0.0883277
0.3125002 0.0883906
0.3042991 0.0884024
0.2961587 0.0883632
0.2880816 0.0882727
0.2800704 0.0881310
0.2721279 0.0879381
0.2642565 0.0876940
0.2564590 0.0873989
0.2487379 0.0870528
0.2410957 0.0866561
0.2335349 0.0862088
0.2260581 0.0857114
0.2186677 0.0851642
0.2113662 0.0845676
0.2041558 0.0839219
0.1970390 0.0832277
0.1900182 0.0824855
0.1830955 0.0816959
0.1762733 0.0808595
0.1695538 0.0799769
0.1629391 0.0790488
0.1564315 0.0780760
0.1500329 0.0770592
0.1437455 0.0759992
0.1375712 0.0748970
0.1315121 0.0737533
0.1255700 0.0725691
0.1197468 0.0713453
0.1140445 0.0700829
0.1084647 0.0687829
0.1030092 0.0674463
0.0976797 0.0660741
0.0924779 0.0646675
0.0874053 0.0632274
0.0824635 0.0617551
0.0776540 0.0602515
0.0729782 0.0587178
0.0684376 0.0571552
0.0640335 0.0555647
0.0597672 0.0539476
0.0556399 0.0523048
0.0516529 0.0506376
0.0478073 0.0489471
0.0441041 0.0472344
0.0405445 0.0455006
0.0371294 0.0437467
0.0338597 0.0419740
0.0307365 0.0401833
0.0277604 0.0383758
0.0249323 0.0365524
0.0222529 0.0347142
0.0197230 0.0328622
0.0173431 0.0309971
0.0151138 0.0291200
0.0130357 0.0272316
0.0111093 0.0253329
0.0093350 0.0234245
0.0077132 0.0215073
0.0062442 0.0195819
0.0049283 0.0176490
0.0037658 0.0157092
0.0027569 0.0137630
0.0019017 0.0118111
0.0012002 0.0098538
0.0006526 0.0078916
0.0002589 0.0059248
0.0000189 0.0039538
-0.0000673 0.0019788
0.0000000 0.0000000
0.0002196 -0.0019677
0.0005902 -0.0039095
0.0011116 -0.0058252
0.0017833 -0.0077147
0.0026051 -0.0095779
0.0035764 -0.0114144
0.0046970 -0.0132241
0.0059661 -0.0150067
0.0073833 -0.0167621
0.0089481 -0.0184900
0.0106596 -0.0201900
0.0125174 -0.0218621
0.0145206 -0.0235058
0.0166686 -0.0251209
0.0189604 -0.0267071
0.0213953 -0.0282640
0.0239723 -0.0297915
0.0266906 -0.0312892
0.0295491 -0.0327568
0.0325470 -0.0341940
0.0356831 -0.0356004
0.0389564 -0.0369759
0.0423658 -0.0383200
0.0459101 -0.0396325
0.0495881 -0.0409131
0.0533987 -0.0421615
0.0573406 -0.0433775
0.0614125 -0.0445608
0.0656131 -0.0457111
0.0699411 -0.0468283
0.0743951 -0.0479121
0.0789737 -0.0489623
0.0836754 -0.0499788
0.0884989 -0.0509614
0.0934427 -0.0519099
0.0985051 -0.0528243
0.1036848 -0.0537044
0.1089800 -0.0545502
0.1143893 -0.0553617
0.1199111 -0.0561388
0.1255436 -0.0568816
0.1312852 -0.0575901
0.1371342 -0.0582643
0.1430890 -0.0589045
0.1491478 -0.0595107
0.1553087 -0.0600830
0.1615702 -0.0606218
0.1679303 -0.0611271
0.1743872 -0.0615994
0.1809391 -0.0620388
0.1875841 -0.0624457
0.1943204 -0.0628204
0.2011459 -0.0631634
0.2080589 -0.0634750
0.2150574 -0.0637558
0.2221394 -0.0640061
0.2293028 -0.0642265
0.2365458 -0.0644175
0.2438662 -0.0645797
0.2512621 -0.0647136
0.2587314 -0.0648200
0.2662719 -0.0648993
0.2738816 -0.0649524
0.2815584 -0.0649798
0.2893002 -0.0649824
0.2971047 -0.0649607
0.3049697 -0.0649156
0.3128932 -0.0648477
0.3208729 -0.0647580
0.3289708 -0.0646452
0.3371644 -0.0645015
0.3454076 -0.0643267
0.3536979 -0.0641214
0.3620328 -0.0638861
0.3704098 -0.0636217
0.3788264 -0.0633287
0.3872801 -0.0630079
0.3957684 -0.0626599
0.4042886 -0.0622855
0.4128383 -0.0618854
0.4214149 -0.0614603
0.4300158 -0.0610110
0.4386384 -0.0605382
0.4472801 -0.0600427
0.4559384 -0.0595252
0.4646106 -0.0589866
0.4732941 -0.0584275
0.4819863 -0.0578487
0.4906846 -0.0572511
0.4993863 -0.0566353
0.5080888 -0.0560022
0.5167896 -0.0553524
0.5254859 -0.0546868
0.5341752 -0.0540061
0.5428548 -0.0533111
0.5515220 -0.0526024
0.5601744 -0.0518808
0.5688091 -0.0511470
0.5774237 -0.0504017
0.5860155 -0.0496457
0.5945818 -0.0488796
0.6031202 -0.0481041
0.6116280 -0.0473199
0.6201026 -0.0465276
0.6285414 -0.0457279
0.6369418 -0.0449214
0.6453014 -0.0441088
0.6536175 -0.0432906
0.6618877 -0.0424676
0.6701093 -0.0416402
0.6782799 -0.0408091
0.6863970 -0.0399749
0.6944581 -0.0391380
0.7024608 -0.0382992
0.7104025 -0.0374588
0.7182809 -0.0366175
0.7260935 -0.0357759
0.7338380 -0.0349343
0.7415120 -0.0340934
0.7491130 -0.0332536
0.7566389 -0.0324154
0.7640872 -0.0315794
0.7714557 -0.0307460
0.7787421 -0.0299157
0.7859442 -0.0290890
0.7930597 -0.0282664
0.8000865 -0.0274483
0.8070224 -0.0266352
0.8138652 -0.0258275
0.8206129 -0.0250257
0.8272633 -0.0242303
0.8338145 -0.0234417
0.8402643 -0.0226604
0.8466108 -0.0218868
0.8528519 -0.0211213
0.8589859 -0.0203644
0.8650108 -0.0196166
0.8709246 -0.0188782
0.8767256 -0.0181497
0.8824120 -0.0174316
0.8879820 -0.0167243
0.8934338 -0.0160281
0.8987659 -0.0153436
0.9039764 -0.0146711
0.9090638 -0.0140111
0.9140266 -0.0133640
0.9188630 -0.0127302
0.9235717 -0.0121101
0.9281512 -0.0115042
0.9326001 -0.0109128
0.9369168 -0.0103363
0.9411002 -0.0097752
0.9451488 -0.0092298
0.9490615 -0.0087005
0.9528369 -0.0081877
0.9564740 -0.0076917
0.9599715 -0.0072129
0.9633284 -0.0067516
0.9665435 -0.0063083
0.9696160 -0.0058832
0.9725448 -0.0054766
0.9753290 -0.0050889
0.9779678 -0.0047204
0.9804602 -0.0043713
0.9828056 -0.0040419
0.9850031 -0.0037325
0.9870521 -0.0034433
0.9889519 -0.0031746
0.9907020 -0.0029266
0.9923017 -0.0026994
0.9937506 -0.0024933
0.9950482 -0.0023085
0.9961942 -0.0021450
0.9971881 -0.0020030
0.9980296 -0.0018827
0.9987184 -0.0017841
0.9992544 -0.0017074
0.9996374 -0.0016525
0.9998673 -0.0016195
0.9999439 -0.0016086
