AIRFOIL_LNY
1.0001597 0.0018024
1.0000849 0.0018244
0.9998604 0.0018905
0.9994865 0.0020005
0.9989630 0.0021545
0.9982903 0.0023522
0.9974684 0.0025934
0.9964977 0.0028781
0.9953783 0.0032058
0.9941105 0.0035764
0.9926948 0.0039894
0.9911315 0.0044446
0.9894210 0.0049415
0.9875638 0.0054797
0.9855603 0.0060588
0.9834113 0.0066781
0.9811171 0.0073373
0.9786785 0.0080357
0.9760961 0.0087727
0.9733707 0.0095477
0.9705029 0.0103600
0.9674937 0.0112091
0.9643437 0.0120940
0.9610539 0.0130142
0.9576252 0.0139688
0.9540586 0.0149571
0.9503549 0.0159782
0.9465154 0.0170314
0.9425409 0.0181157
0.9384328 0.0192304
0.9341920 0.0203744
0.9298198 0.0215470
0.9253174 0.0227471
0.9206861 0.0239739
0.9159272 0.0252264
0.9110421 0.0265037
0.9060320 0.0278047
0.9008986 0.0291285
0.8956431 0.0304740
0.8902671 0.0318404
0.8847722 0.0332264
0.8791599 0.0346313
0.8734318 0.0360538
0.8675896 0.0374931
0.8616350 0.0389479
0.8555697 0.0404174
0.8493953 0.0419004
0.8431138 0.0433959
0.8367270 0.0449028
0.8302366 0.0464201
0.8236447 0.0479467
0.8169530 0.0494816
0.8101637 0.0510236
0.8032786 0.0525718
0.7962997 0.0541250
0.7892292 0.0556822
0.7820692 0.0572424
0.7748216 0.0588044
0.7674888 0.0603672
0.7600727 0.0619297
0.7525758 0.0634908
0.7450001 0.0650496
0.7373479 0.0666048
0.7296215 0.0681555
0.7218232 0.0697005
0.7139553 0.0712389
0.7060203 0.0727695
0.6980204 0.0742913
0.6899581 0.0758032
0.6818358 0.0773041
0.6736560 0.0787930
0.6654211 0.0802688
0.6571336 0.0817305
0.6487960 0.0831770
0.6404108 0.0846072
0.6319807 0.0860201
0.6235081 0.0874145
0.6149956 0.0887896
0.6064459 0.0901442
0.5978616 0.0914772
0.5892452 0.0927876
0.5805994 0.0940745
0.5719269 0.0953366
0.5632304 0.0965731
0.5545125 0.0977829
0.5457759 0.0989650
0.5370233 0.1001183
0.5282574 0.1012418
0.5194810 0.1023347
0.5106967 0.1033958
0.5019074 0.1044242
0.4931157 0.1054190
0.4843244 0.1063792
0.4755362 0.1073039
0.4667539 0.1081921
0.4579802 0.1090430
0.4492180 0.1098557
0.4404698 0.1106293
0.4317386 0.1113630
0.4230270 0.1120559
0.4143379 0.1127073
0.4056739 0.1133164
0.3970378 0.1138824
0.3884323 0.1144047
0.3798602 0.1148824
0.3713242 0.1153151
0.3628270 0.1157019
0.3543713 0.1160424
0.3459598 0.1163360
0.3375953 0.1165822
0.3292802 0.1167804
0.3210174 0.1169302
0.3128095 0.1170312
0.3046590 0.1170831
0.2962965 0.1170757
0.2878934 0.1169829
0.2795596 0.1168038
0.2712982 0.1165392
0.2631125 0.1161900
0.2550056 0.1157570
0.2469807 0.1152413
0.2390410 0.1146439
0.2311894 0.1139660
0.2234291 0.1132089
0.2157629 0.1123738
0.2081939 0.1114622
0.2007250 0.1104756
0.1933589 0.1094155
0.1860985 0.1082834
0.1789465 0.1070812
0.1719056 0.1058104
0.1649783 0.1044730
0.1581672 0.1030708
0.1514748 0.1016057
0.1449036 0.1000797
0.1384557 0.0984947
0.1321336 0.0968529
0.1259395 0.0951562
0.1198754 0.0934069
0.1139434 0.0916071
0.1081456 0.0897589
0.1024838 0.0878646
0.0969598 0.0859264
0.0915755 0.0839466
0.0863326 0.0819273
0.0812326 0.0798708
0.0762771 0.0777794
0.0714675 0.0756553
0.0668053 0.0735008
0.0622918 0.0713181
0.0579281 0.0691094
0.0537155 0.0668770
0.0496550 0.0646229
0.0457477 0.0623493
0.0419945 0.0600583
0.0383963 0.0577521
0.0349539 0.0554325
0.0316679 0.0531017
0.0285392 0.0507616
0.0255682 0.0484139
0.0227554 0.0460607
0.0201015 0.0437035
0.0176066 0.0413442
0.0152712 0.0389844
0.0130956 0.0366256
0.0110799 0.0342694
0.0092243 0.0319171
0.0075289 0.0295702
0.0059937 0.0272298
0.0046186 0.0248971
0.0034036 0.0225733
0.0023485 0.0202594
0.0014532 0.0179563
0.0007174 0.0156648
0.0001407 0.0133856
-0.0002771 0.0111195
-0.0005365 0.0088669
-0.0006380 0.0066283
-0.0005820 0.0044042
-0.0003691 0.0021947
0.0000000 0.0000000
0.0005214 -0.0021635
0.0011912 -0.0042797
0.0020084 -0.0063485
0.0029725 -0.0083700
0.0040824 -0.0103441
0.0053374 -0.0122710
0.0067365 -0.0141506
0.0082787 -0.0159831
0.0099631 -0.0177686
0.0117887 -0.0195071
0.0137542 -0.0211988
0.0158587 -0.0228439
0.0181010 -0.0244425
0.0204800 -0.0259948
0.0229942 -0.0275009
0.0256427 -0.0289612
0.0284240 -0.0303759
0.0313369 -0.0317451
0.0343800 -0.0330693
0.0375519 -0.0343486
0.0408514 -0.0355835
0.0442770 -0.0367742
0.0478272 -0.0379211
0.0515007 -0.0390246
0.0552959 -0.0400851
0.0592114 -0.0411030
0.0632457 -0.0420788
0.0673974 -0.0430130
0.0716648 -0.0439061
0.0760465 -0.0447586
0.0805409 -0.0455711
0.0851466 -0.0463441
0.0898619 -0.0470783
0.0946853 -0.0477743
0.0996154 -0.0484329
0.1046504 -0.0490546
0.1097889 -0.0496403
0.1150294 -0.0501906
0.1203703 -0.0507065
0.1258100 -0.0511886
0.1313470 -0.0516379
0.1369798 -0.0520553
0.1427068 -0.0524416
0.1485266 -0.0527978
0.1544375 -0.0531250
0.1604381 -0.0534240
0.1665268 -0.0536959
0.1727022 -0.0539418
0.1789627 -0.0541629
0.1853068 -0.0543601
0.1917331 -0.0545347
0.1982400 -0.0546878
0.2048261 -0.0548207
0.2114898 -0.0549345
0.2182296 -0.0550306
0.2250442 -0.0551101
0.2319319 -0.0551745
0.2388913 -0.0552249
0.2459210 -0.0552628
0.2530193 -0.0552895
0.2601848 -0.0553063
0.2674160 -0.0553146
0.2747113 -0.0553159
0.2820693 -0.0553115
0.2894883 -0.0553028
0.2969669 -0.0552912
0.3046098 -0.0552769
0.3125839 -0.0552379
0.3206146 -0.0551665
0.3286996 -0.0550634
0.3368366 -0.0549294
0.3450232 -0.0547652
0.3532570 -0.0545715
0.3615356 -0.0543492
0.3698567 -0.0540990
0.3782179 -0.0538218
0.3866166 -0.0535184
0.3950505 -0.0531896
0.4035171 -0.0528363
0.4120139 -0.0524593
0.4205385 -0.0520595
0.4290883 -0.0516378
0.4376608 -0.0511950
0.4462536 -0.0507320
0.4548640 -0.0502496
0.4634896 -0.0497486
0.4721279 -0.0492301
0.4807761 -0.0486947
0.4894319 -0.0481434
0.4980926 -0.0475769
0.5067557 -0.0469962
0.5154185 -0.0464019
0.5240786 -0.0457950
0.5327332 -0.0451761
0.5413799 -0.0445462
0.5500160 -0.0439059
0.5586390 -0.0432559
0.5672462 -0.0425971
0.5758351 -0.0419302
0.5844030 -0.0412558
0.5929474 -0.0405746
0.6014658 -0.0398873
0.6099554 -0.0391946
0.6184138 -0.0384970
0.6268384 -0.0377952
0.6352265 -0.0370898
0.6435757 -0.0363814
0.6518834 -0.0356705
0.6601471 -0.0349577
0.6683641 -0.0342435
0.6765321 -0.0335284
0.6846485 -0.0328129
0.6927107 -0.0320975
0.7007163 -0.0313827
0.7086629 -0.0306689
0.7165480 -0.0299565
0.7243690 -0.0292460
0.7321237 -0.0285377
0.7398096 -0.0278321
0.7474242 -0.0271296
0.7549653 -0.0264305
0.7624305 -0.0257352
0.7698174 -0.0250441
0.7771237 -0.0243574
0.7843472 -0.0236755
0.7914855 -0.0229988
0.7985365 -0.0223276
0.8054978 -0.0216622
0.8123674 -0.0210029
0.8191429 -0.0203499
0.8258224 -0.0197037
0.8324036 -0.0190644
0.8388845 -0.0184324
0.8452630 -0.0178080
0.8515371 -0.0171915
0.8577048 -0.0165831
0.8637641 -0.0159831
0.8697130 -0.0153918
0.8755497 -0.0148095
0.8812722 -0.0142364
0.8868788 -0.0136729
0.8923677 -0.0131191
0.8977370 -0.0125755
0.9029850 -0.0120421
0.9081100 -0.0115194
0.9131103 -0.0110076
0.9179844 -0.0105069
0.9227307 -0.0100177
0.9273475 -0.0095401
0.9318334 -0.0090745
0.9361869 -0.0086211
0.9404066 -0.0081802
0.9444912 -0.0077520
0.9484391 -0.0073369
0.9522492 -0.0069349
0.9559202 -0.0065465
0.9594509 -0.0061718
0.9628402 -0.0058110
0.9660868 -0.0054645
0.9691897 -0.0051324
0.9721479 -0.0048150
0.9749604 -0.0045125
0.9776263 -0.0042250
0.9801446 -0.0039528
0.9825146 -0.0036961
0.9847354 -0.0034550
0.9868063 -0.0032298
0.9887266 -0.0030206
0.9904957 -0.0028275
0.9921129 -0.0026507
0.9935778 -0.0024904
0.9948898 -0.0023466
0.9960485 -0.0022194
0.9970535 -0.0021090
0.9979044 -0.0020155
0.9986010 -0.0019388
0.9991431 -0.0018792
0.9995304 -0.0018365
0.9997628 -0.0018109
0.9998403 -0.0018024
