AIRFOIL_LNY
1.0001456 0.0016945
1.0000706 0.0017154
0.9998459 0.0017781
0.9994713 0.0018826
0.9989471 0.0020287
0.9982733 0.0022164
0.9974502 0.0024454
0.9964779 0.0027156
0.9953568 0.0030267
0.9940872 0.0033785
0.9926694 0.0037707
0.9911037 0.0042029
0.9893908 0.0046747
0.9875309 0.0051858
0.9855246 0.0057357
0.9833726 0.0063239
0.9810753 0.0069500
0.9786334 0.0076134
0.9760476 0.0083136
0.9733187 0.0090500
0.9704474 0.0098219
0.9674344 0.0106288
0.9642807 0.0114699
0.9609871 0.0123446
0.9575545 0.0132522
0.9539840 0.0141919
0.9502765 0.0151631
0.9464330 0.0161648
0.9424548 0.0171964
0.9383427 0.0182570
0.9340982 0.0193457
0.9297223 0.0204619
0.9252163 0.0216045
0.9205814 0.0227727
0.9158191 0.0239657
0.9109307 0.0251825
0.9059175 0.0264222
0.9007811 0.0276840
0.8955228 0.0289668
0.8901443 0.0302698
0.8846470 0.0315920
0.8790325 0.0329324
0.8733025 0.0342901
0.8674587 0.0356642
0.8615027 0.0370536
0.8554362 0.0384575
0.8492611 0.0398747
0.8429791 0.0413043
0.8365921 0.0427454
0.8301019 0.0441970
0.8235105 0.0456580
0.8168198 0.0471275
0.8100317 0.0486045
0.8031482 0.0500880
0.7961715 0.0515769
0.7891034 0.0530704
0.7819462 0.0545674
0.7747020 0.0560668
0.7673729 0.0575678
0.7599610 0.0590693
0.7524686 0.0605702
0.7448980 0.0620697
0.7372513 0.0635666
0.7295309 0.0650601
0.7217391 0.0665491
0.7138781 0.0680325
0.7059505 0.0695095
0.6979584 0.0709789
0.6899044 0.0724398
0.6817909 0.0738912
0.6736203 0.0753322
0.6653951 0.0767615
0.6571178 0.0781784
0.6487908 0.0795818
0.6404168 0.0809706
0.6319982 0.0823440
0.6235376 0.0837008
0.6150375 0.0850401
0.6065006 0.0863609
0.5979295 0.0876622
0.5893268 0.0889430
0.5806951 0.0902024
0.5720371 0.0914393
0.5633553 0.0926528
0.5546526 0.0938419
0.5459315 0.0950056
0.5371947 0.0961430
0.5284450 0.0972530
0.5196850 0.0983349
0.5109174 0.0993876
0.5021450 0.1004101
0.4933705 0.1014017
0.4845965 0.1023613
0.4758259 0.1032881
0.4670613 0.1041813
0.4583055 0.1050398
0.4495612 0.1058630
0.4408312 0.1066499
0.4321181 0.1073997
0.4234247 0.1081117
0.4147537 0.1087851
0.4061079 0.1094191
0.3974899 0.1100130
0.3889024 0.1105661
0.3803482 0.1110778
0.3718300 0.1115473
0.3633504 0.1119741
0.3549122 0.1123575
0.3465179 0.1126971
0.3381702 0.1129923
0.3298719 0.1132425
0.3216254 0.1134474
0.3134334 0.1136066
0.3052986 0.1137196
0.2972234 0.1137860
0.2892105 0.1138057
0.2812624 0.1137783
0.2733816 0.1137035
0.2655706 0.1135813
0.2578319 0.1134115
0.2501679 0.1131939
0.2425811 0.1129285
0.2350740 0.1126153
0.2273300 0.1122463
0.2193466 0.1117724
0.2114651 0.1111871
0.2036888 0.1104931
0.1960214 0.1096931
0.1884662 0.1087901
0.1810263 0.1077868
0.1737051 0.1066865
0.1665057 0.1054921
0.1594309 0.1042069
0.1524838 0.1028342
0.1456671 0.1013773
0.1389835 0.0998395
0.1324356 0.0982244
0.1260259 0.0965353
0.1197568 0.0947758
0.1136306 0.0929494
0.1076494 0.0910598
0.1018153 0.0891104
0.0961303 0.0871048
0.0905961 0.0850467
0.0852146 0.0829395
0.0799873 0.0807869
0.0749159 0.0785923
0.0700017 0.0763593
0.0652460 0.0740914
0.0606501 0.0717919
0.0562151 0.0694644
0.0519420 0.0671120
0.0478317 0.0647381
0.0438852 0.0623459
0.0401030 0.0599385
0.0364859 0.0575189
0.0330345 0.0550903
0.0297491 0.0526554
0.0266303 0.0502171
0.0236782 0.0477781
0.0208932 0.0453410
0.0182754 0.0429082
0.0158249 0.0404824
0.0135416 0.0380656
0.0114255 0.0356601
0.0094765 0.0332680
0.0076944 0.0308911
0.0060788 0.0285314
0.0046295 0.0261905
0.0033460 0.0238699
0.0022279 0.0215711
0.0012746 0.0192954
0.0004857 0.0170439
-0.0001396 0.0148178
-0.0006020 0.0126178
-0.0009021 0.0104447
-0.0010409 0.0082992
-0.0010191 0.0061817
-0.0008378 0.0040926
-0.0004977 0.0020320
0.0000000 0.0000000
0.0006500 -0.0019885
0.0014469 -0.0039187
0.0023896 -0.0057909
0.0034769 -0.0076054
0.0047074 -0.0093626
0.0060801 -0.0110627
0.0075935 -0.0127064
0.0092462 -0.0142942
0.0110370 -0.0158265
0.0129644 -0.0173041
0.0150268 -0.0187276
0.0172229 -0.0200977
0.0195511 -0.0214153
0.0220099 -0.0226812
0.0245976 -0.0238962
0.0273128 -0.0250613
0.0301536 -0.0261774
0.0331186 -0.0272456
0.0362060 -0.0282669
0.0394141 -0.0292424
0.0427413 -0.0301733
0.0461859 -0.0310606
0.0497460 -0.0319057
0.0534201 -0.0327098
0.0572063 -0.0334742
0.0611029 -0.0342001
0.0651083 -0.0348891
0.0692207 -0.0355424
0.0734383 -0.0361614
0.0777595 -0.0367477
0.0821826 -0.0373027
0.0867059 -0.0378279
0.0913278 -0.0383249
0.0960465 -0.0387952
0.1008606 -0.0392405
0.1057684 -0.0396623
0.1107684 -0.0400623
0.1158590 -0.0404422
0.1210387 -0.0408036
0.1263061 -0.0411484
0.1316598 -0.0414782
0.1370983 -0.0417948
0.1426204 -0.0421000
0.1482246 -0.0423955
0.1539097 -0.0426834
0.1596745 -0.0429652
0.1655178 -0.0432431
0.1714385 -0.0435188
0.1774353 -0.0437942
0.1835072 -0.0440713
0.1896533 -0.0443520
0.1958724 -0.0446383
0.2021636 -0.0449322
0.2085259 -0.0452356
0.2149585 -0.0455506
0.2214605 -0.0458792
0.2280309 -0.0462234
0.2350068 -0.0465781
0.2423808 -0.0469037
0.2498321 -0.0471943
0.2573585 -0.0474501
0.2649579 -0.0476717
0.2726279 -0.0478594
0.2803665 -0.0480138
0.2881712 -0.0481354
0.2960399 -0.0482247
0.3039703 -0.0482823
0.3119600 -0.0483088
0.3200067 -0.0483048
0.3281080 -0.0482710
0.3362616 -0.0482080
0.3444651 -0.0481164
0.3527161 -0.0479971
0.3610122 -0.0478506
0.3693509 -0.0476778
0.3777299 -0.0474793
0.3861465 -0.0472560
0.3945984 -0.0470085
0.4030831 -0.0467377
0.4115981 -0.0464443
0.4201408 -0.0461291
0.4287088 -0.0457930
0.4372995 -0.0454366
0.4459103 -0.0450608
0.4545387 -0.0446663
0.4631822 -0.0442540
0.4718381 -0.0438246
0.4805040 -0.0433790
0.4891771 -0.0429178
0.4978550 -0.0424418
0.5065350 -0.0419519
0.5152145 -0.0414487
0.5238910 -0.0409329
0.5325618 -0.0404054
0.5412243 -0.0398669
0.5498759 -0.0393179
0.5585140 -0.0387593
0.5671361 -0.0381916
0.5757394 -0.0376157
0.5843214 -0.0370320
0.5928795 -0.0364412
0.6014110 -0.0358440
0.6099135 -0.0352410
0.6183843 -0.0346327
0.6268209 -0.0340197
0.6352206 -0.0334026
0.6435809 -0.0327818
0.6518992 -0.0321580
0.6601730 -0.0315316
0.6683998 -0.0309031
0.6765770 -0.0302730
0.6847022 -0.0296418
0.6927727 -0.0290099
0.7007862 -0.0283777
0.7087401 -0.0277456
0.7166321 -0.0271142
0.7244596 -0.0264837
0.7322202 -0.0258545
0.7399116 -0.0252271
0.7475314 -0.0246017
0.7550771 -0.0239788
0.7625464 -0.0233587
0.7699370 -0.0227417
0.7772467 -0.0221281
0.7844730 -0.0215183
0.7916138 -0.0209125
0.7986668 -0.0203112
0.8056298 -0.0197145
0.8125006 -0.0191227
0.8192771 -0.0185363
0.8259571 -0.0179554
0.8325385 -0.0173803
0.8390193 -0.0168114
0.8453973 -0.0162488
0.8516706 -0.0156929
0.8578371 -0.0151440
0.8638950 -0.0146023
0.8698423 -0.0140680
0.8756771 -0.0135415
0.8813975 -0.0130230
0.8870017 -0.0125129
0.8924879 -0.0120112
0.8978544 -0.0115184
0.9030995 -0.0110347
0.9082214 -0.0105604
0.9132184 -0.0100956
0.9180891 -0.0096407
0.9228318 -0.0091960
0.9274450 -0.0087617
0.9319272 -0.0083380
0.9362770 -0.0079253
0.9404928 -0.0075237
0.9445735 -0.0071335
0.9485176 -0.0067551
0.9523238 -0.0063885
0.9559909 -0.0060341
0.9595178 -0.0056921
0.9629032 -0.0053627
0.9661460 -0.0050462
0.9692453 -0.0047428
0.9721999 -0.0044526
0.9750089 -0.0041760
0.9776714 -0.0039131
0.9801864 -0.0036641
0.9825533 -0.0034292
0.9847711 -0.0032086
0.9868392 -0.0030024
0.9887568 -0.0028108
0.9905234 -0.0026340
0.9921384 -0.0024720
0.9936011 -0.0023251
0.9949112 -0.0021933
0.9960682 -0.0020768
0.9970717 -0.0019756
0.9979214 -0.0018899
0.9986170 -0.0018196
0.9991582 -0.0017649
0.9995450 -0.0017258
0.9997771 -0.0017023
0.9998544 -0.0016945
