AIRFOIL_LNY
1.0000335 0.0008513
0.9999576 0.0008615
0.9997300 0.0008921
0.9993508 0.0009432
0.9988200 0.0010146
0.9981378 0.0011062
0.9973045 0.0012181
0.9963202 0.0013501
0.9951853 0.0015020
0.9939000 0.0016738
0.9924649 0.0018653
0.9908802 0.0020762
0.9891465 0.0023066
0.9872644 0.0025560
0.9852342 0.0028243
0.9830567 0.0031113
0.9807326 0.0034166
0.9782624 0.0037401
0.9756470 0.0040815
0.9728870 0.0044403
0.9699834 0.0048165
0.9669370 0.0052095
0.9637487 0.0056191
0.9604195 0.0060449
0.9569503 0.0064866
0.9533422 0.0069437
0.9495963 0.0074160
0.9457137 0.0079029
0.9416955 0.0084042
0.9375429 0.0089193
0.9332573 0.0094479
0.9288398 0.0099895
0.9242918 0.0105438
0.9196147 0.0111101
0.9148098 0.0116882
0.9098786 0.0122776
0.9048226 0.0128777
0.8996433 0.0134881
0.8943423 0.0141084
0.8889211 0.0147380
0.8833813 0.0153765
0.8777247 0.0160234
0.8719530 0.0166783
0.8660678 0.0173406
0.8600709 0.0180098
0.8539642 0.0186854
0.8477495 0.0193670
0.8414286 0.0200541
0.8350035 0.0207461
0.8284761 0.0214425
0.8218484 0.0221429
0.8151223 0.0228468
0.8083000 0.0235536
0.8013834 0.0242629
0.7943747 0.0249741
0.7872759 0.0256867
0.7800893 0.0264004
0.7728169 0.0271144
0.7654611 0.0278284
0.7580239 0.0285419
0.7505078 0.0292543
0.7429148 0.0299651
0.7352475 0.0306739
0.7275080 0.0313801
0.7196987 0.0320832
0.7118220 0.0327829
0.7038803 0.0334784
0.6958760 0.0341694
0.6878115 0.0348554
0.6796893 0.0355358
0.6715119 0.0362102
0.6632816 0.0368781
0.6550012 0.0375389
0.6466729 0.0381922
0.6382995 0.0388375
0.6298834 0.0394743
0.6214271 0.0401022
0.6129334 0.0407205
0.6044048 0.0413289
0.5958438 0.0419268
0.5872531 0.0425138
0.5786353 0.0430894
0.5699930 0.0436530
0.5613289 0.0442044
0.5526457 0.0447429
0.5439459 0.0452680
0.5352322 0.0457794
0.5265074 0.0462766
0.5177740 0.0467591
0.5090348 0.0472264
0.5002924 0.0476782
0.4915495 0.0481139
0.4828088 0.0485332
0.4740729 0.0489356
0.4653446 0.0493206
0.4566265 0.0496880
0.4479213 0.0500372
0.4392317 0.0503679
0.4305603 0.0506798
0.4219098 0.0509723
0.4132829 0.0512452
0.4046822 0.0514982
0.3961103 0.0517308
0.3875699 0.0519427
0.3790637 0.0521337
0.3705942 0.0523035
0.3621309 0.0524488
0.3537023 0.0525640
0.3453182 0.0526487
0.3369813 0.0527029
0.3286941 0.0527266
0.3204594 0.0527197
0.3122797 0.0526821
0.3041576 0.0526140
0.2960956 0.0525153
0.2880963 0.0523861
0.2801623 0.0522266
0.2722959 0.0520368
0.2644998 0.0518169
0.2567763 0.0515671
0.2491279 0.0512877
0.2415571 0.0509788
0.2340661 0.0506407
0.2266575 0.0502737
0.2193334 0.0498782
0.2120962 0.0494545
0.2049483 0.0490029
0.1978917 0.0485240
0.1909289 0.0480180
0.1840618 0.0474856
0.1772928 0.0469271
0.1706239 0.0463430
0.1640572 0.0457339
0.1575948 0.0451003
0.1512387 0.0444429
0.1449908 0.0437621
0.1388532 0.0430586
0.1328276 0.0423330
0.1269161 0.0415860
0.1211203 0.0408182
0.1154422 0.0400303
0.1098835 0.0392230
0.1044458 0.0383970
0.0991308 0.0375530
0.0939403 0.0366916
0.0888756 0.0358137
0.0839385 0.0349200
0.0791304 0.0340111
0.0744528 0.0330880
0.0699070 0.0321511
0.0654944 0.0312015
0.0612165 0.0302397
0.0570743 0.0292665
0.0530693 0.0282826
0.0492025 0.0272888
0.0454752 0.0262858
0.0418883 0.0252743
0.0384431 0.0242550
0.0351404 0.0232286
0.0319812 0.0221958
0.0289665 0.0211572
0.0260971 0.0201135
0.0233739 0.0190652
0.0207975 0.0180131
0.0183688 0.0169577
0.0160884 0.0158995
0.0139570 0.0148390
0.0119751 0.0137769
0.0101433 0.0127136
0.0084620 0.0116496
0.0069318 0.0105853
0.0055530 0.0095210
0.0043259 0.0084573
0.0032510 0.0073944
0.0023283 0.0063326
0.0015582 0.0052723
0.0009408 0.0042136
0.0004763 0.0031569
0.0001646 0.0021023
0.0000059 0.0010500
0.0000000 0.0000000
0.0001465 -0.0010397
0.0004446 -0.0020613
0.0008942 -0.0030648
0.0014951 -0.0040500
0.0022471 -0.0050168
0.0031498 -0.0059653
0.0042029 -0.0068953
0.0054060 -0.0078067
0.0067587 -0.0086994
0.0082605 -0.0095734
0.0099108 -0.0104286
0.0117091 -0.0112649
0.0136549 -0.0120821
0.0157473 -0.0128803
0.0179858 -0.0136594
0.0203695 -0.0144192
0.0228977 -0.0151597
0.0255696 -0.0158808
0.0283843 -0.0165824
0.0313409 -0.0172646
0.0344384 -0.0179272
0.0376758 -0.0185701
0.0410521 -0.0191934
0.0445662 -0.0197970
0.0482170 -0.0203809
0.0520034 -0.0209450
0.0559242 -0.0214894
0.0599781 -0.0220139
0.0641638 -0.0225187
0.0684802 -0.0230038
0.0729257 -0.0234691
0.0774991 -0.0239148
0.0821990 -0.0243408
0.0870239 -0.0247473
0.0919723 -0.0251343
0.0970428 -0.0255019
0.1022337 -0.0258503
0.1075435 -0.0261795
0.1129706 -0.0264898
0.1185133 -0.0267812
0.1241701 -0.0270539
0.1299391 -0.0273081
0.1358187 -0.0275441
0.1418070 -0.0277620
0.1479024 -0.0279621
0.1541029 -0.0281446
0.1604068 -0.0283098
0.1668122 -0.0284580
0.1733170 -0.0285895
0.1799196 -0.0287046
0.1866178 -0.0288037
0.1934097 -0.0288870
0.2002932 -0.0289550
0.2072665 -0.0290081
0.2143273 -0.0290466
0.2214737 -0.0290710
0.2287035 -0.0290816
0.2360146 -0.0290789
0.2434048 -0.0290634
0.2508721 -0.0290354
0.2584141 -0.0289956
0.2660287 -0.0289443
0.2737136 -0.0288820
0.2814666 -0.0288093
0.2892854 -0.0287266
0.2971677 -0.0286344
0.3051113 -0.0285333
0.3131137 -0.0284238
0.3211726 -0.0283064
0.3292857 -0.0281816
0.3374506 -0.0280500
0.3456648 -0.0279120
0.3539260 -0.0277683
0.3622318 -0.0276193
0.3705868 -0.0274654
0.3790144 -0.0273017
0.3874790 -0.0271257
0.3959780 -0.0269379
0.4045088 -0.0267386
0.4130689 -0.0265283
0.4216557 -0.0263073
0.4302666 -0.0260762
0.4388990 -0.0258352
0.4475502 -0.0255849
0.4562177 -0.0253256
0.4648989 -0.0250578
0.4735911 -0.0247819
0.4822917 -0.0244982
0.4909981 -0.0242072
0.4997076 -0.0239093
0.5084176 -0.0236049
0.5171255 -0.0232943
0.5258286 -0.0229780
0.5345242 -0.0226563
0.5432099 -0.0223296
0.5518828 -0.0219983
0.5605404 -0.0216627
0.5691801 -0.0213232
0.5777992 -0.0209801
0.5863951 -0.0206338
0.5949652 -0.0202845
0.6035069 -0.0199327
0.6120176 -0.0195786
0.6204948 -0.0192225
0.6289357 -0.0188647
0.6373379 -0.0185055
0.6456988 -0.0181452
0.6540158 -0.0177840
0.6622865 -0.0174222
0.6705083 -0.0170601
0.6786786 -0.0166978
0.6867951 -0.0163357
0.6948551 -0.0159740
0.7028563 -0.0156128
0.7107962 -0.0152525
0.7186724 -0.0148932
0.7264825 -0.0145350
0.7342241 -0.0141783
0.7418948 -0.0138231
0.7494922 -0.0134698
0.7570142 -0.0131183
0.7644582 -0.0127690
0.7718221 -0.0124220
0.7791036 -0.0120775
0.7863005 -0.0117355
0.7934106 -0.0113964
0.8004316 -0.0110601
0.8073615 -0.0107269
0.8141980 -0.0103970
0.8209392 -0.0100704
0.8275829 -0.0097473
0.8341271 -0.0094279
0.8405697 -0.0091122
0.8469089 -0.0088005
0.8531426 -0.0084928
0.8592689 -0.0081893
0.8652859 -0.0078901
0.8711919 -0.0075953
0.8769848 -0.0073052
0.8826631 -0.0070198
0.8882249 -0.0067392
0.8936685 -0.0064636
0.8989922 -0.0061931
0.9041943 -0.0059278
0.9092734 -0.0056680
0.9142278 -0.0054136
0.9190559 -0.0051648
0.9237563 -0.0049218
0.9283275 -0.0046846
0.9327681 -0.0044535
0.9370768 -0.0042284
0.9412521 -0.0040097
0.9452928 -0.0037973
0.9491977 -0.0035914
0.9529655 -0.0033921
0.9565951 -0.0031995
0.9600853 -0.0030138
0.9634351 -0.0028351
0.9666434 -0.0026634
0.9697092 -0.0024990
0.9726315 -0.0023418
0.9754096 -0.0021920
0.9780424 -0.0020497
0.9805291 -0.0019149
0.9828691 -0.0017879
0.9850615 -0.0016686
0.9871057 -0.0015572
0.9890011 -0.0014537
0.9907470 -0.0013582
0.9923429 -0.0012708
0.9937883 -0.0011915
0.9950828 -0.0011203
0.9962260 -0.0010575
0.9972174 -0.0010029
0.9980569 -0.0009566
0.9987440 -0.0009187
0.9992787 -0.0008892
0.9996608 -0.0008682
0.9998901 -0.0008555
0.9999665 -0.0008513
