AIRFOIL_LNY
1.0000389 0.0012459
0.9999630 0.0012588
0.9997356 0.0012976
0.9993565 0.0013623
0.9988260 0.0014527
0.9981442 0.0015687
0.9973113 0.0017104
0.9963276 0.0018775
0.9951932 0.0020699
0.9939087 0.0022873
0.9924742 0.0025297
0.9908904 0.0027967
0.9891575 0.0030882
0.9872762 0.0034038
0.9852470 0.0037432
0.9830704 0.0041062
0.9807472 0.0044924
0.9782780 0.0049014
0.9756636 0.0053329
0.9729046 0.0057865
0.9700020 0.0062617
0.9669565 0.0067582
0.9637691 0.0072755
0.9604407 0.0078131
0.9569723 0.0083706
0.9533650 0.0089475
0.9496197 0.0095433
0.9457376 0.0101574
0.9417199 0.0107893
0.9375677 0.0114385
0.9332823 0.0121045
0.9288649 0.0127867
0.9243169 0.0134844
0.9196395 0.0141973
0.9148342 0.0149245
0.9099025 0.0156656
0.9048458 0.0164200
0.8996655 0.0171870
0.8943633 0.0179661
0.8889406 0.0187566
0.8833992 0.0195579
0.8777407 0.0203693
0.8719668 0.0211903
0.8660792 0.0220202
0.8600796 0.0228584
0.8539699 0.0237043
0.8477519 0.0245571
0.8414274 0.0254163
0.8349984 0.0262813
0.8284668 0.0271513
0.8218345 0.0280257
0.8151035 0.0289040
0.8082759 0.0297854
0.8013537 0.0306692
0.7943390 0.0315550
0.7872339 0.0324419
0.7800405 0.0333294
0.7727611 0.0342168
0.7653978 0.0351035
0.7579528 0.0359888
0.7504284 0.0368721
0.7428269 0.0377527
0.7351505 0.0386300
0.7274016 0.0395033
0.7195825 0.0403720
0.7116957 0.0412355
0.7037434 0.0420931
0.6957282 0.0429441
0.6876523 0.0437879
0.6795184 0.0446238
0.6713289 0.0454513
0.6630862 0.0462696
0.6547929 0.0470781
0.6464515 0.0478762
0.6380645 0.0486633
0.6296345 0.0494386
0.6211641 0.0502015
0.6126558 0.0509513
0.6041123 0.0516876
0.5955362 0.0524095
0.5869300 0.0531164
0.5782965 0.0538078
0.5696382 0.0544829
0.5609579 0.0551411
0.5522603 0.0557819
0.5435544 0.0564058
0.5348348 0.0570128
0.5261040 0.0576023
0.5173648 0.0581736
0.5086198 0.0587263
0.4998718 0.0592596
0.4911233 0.0597729
0.4823772 0.0602657
0.4736360 0.0607374
0.4649026 0.0611873
0.4561794 0.0616150
0.4474693 0.0620197
0.4387749 0.0624011
0.4300989 0.0627585
0.4214440 0.0630913
0.4128128 0.0633991
0.4042080 0.0636813
0.3956322 0.0639375
0.3870881 0.0641671
0.3785783 0.0643698
0.3701055 0.0645449
0.3616722 0.0646921
0.3532810 0.0648110
0.3449347 0.0649012
0.3366356 0.0649623
0.3283864 0.0649939
0.3201897 0.0649958
0.3120479 0.0649675
0.3039636 0.0649089
0.2959393 0.0648196
0.2879774 0.0646994
0.2800805 0.0645481
0.2722509 0.0643656
0.2644911 0.0641516
0.2568035 0.0639061
0.2491904 0.0636289
0.2416542 0.0633199
0.2341973 0.0629792
0.2268219 0.0626068
0.2195303 0.0622025
0.2123247 0.0617666
0.2052074 0.0612990
0.1981806 0.0607999
0.1912465 0.0602694
0.1844071 0.0597077
0.1776646 0.0591149
0.1710211 0.0584914
0.1644786 0.0578373
0.1580390 0.0571530
0.1517045 0.0564387
0.1454770 0.0556948
0.1393583 0.0549217
0.1333503 0.0541197
0.1274549 0.0532892
0.1216739 0.0524308
0.1160091 0.0515448
0.1104621 0.0506318
0.1050347 0.0496921
0.0997286 0.0487265
0.0945453 0.0477353
0.0894864 0.0467192
0.0845535 0.0456787
0.0797481 0.0446143
0.0750716 0.0435268
0.0705255 0.0424166
0.0661111 0.0412845
0.0618298 0.0401309
0.0576828 0.0389566
0.0536715 0.0377622
0.0497970 0.0365482
0.0460604 0.0353154
0.0424630 0.0340643
0.0390058 0.0327956
0.0356898 0.0315098
0.0325160 0.0302077
0.0294854 0.0288897
0.0265989 0.0275565
0.0238573 0.0262087
0.0212615 0.0248469
0.0188121 0.0234715
0.0165100 0.0220831
0.0143559 0.0206823
0.0123502 0.0192695
0.0104938 0.0178452
0.0087869 0.0164099
0.0072303 0.0149640
0.0058243 0.0135080
0.0045694 0.0120421
0.0034658 0.0105668
0.0025139 0.0090824
0.0017140 0.0075892
0.0010663 0.0060875
0.0005709 0.0045775
0.0002280 0.0030595
0.0000377 0.0015336
0.0000000 0.0000000
0.0001146 -0.0015298
0.0003812 -0.0030442
0.0007996 -0.0045431
0.0013697 -0.0060264
0.0020913 -0.0074939
0.0029642 -0.0089452
0.0039881 -0.0103803
0.0051626 -0.0117989
0.0064873 -0.0132006
0.0079619 -0.0145853
0.0095859 -0.0159525
0.0113586 -0.0173021
0.0132797 -0.0186335
0.0153484 -0.0199466
0.0175641 -0.0212409
0.0199262 -0.0225160
0.0224338 -0.0237716
0.0250862 -0.0250072
0.0278825 -0.0262225
0.0308220 -0.0274170
0.0339035 -0.0285903
0.0371263 -0.0297420
0.0404894 -0.0308716
0.0439915 -0.0319787
0.0476318 -0.0330629
0.0514090 -0.0341237
0.0553220 -0.0351607
0.0593696 -0.0361735
0.0635505 -0.0371616
0.0678635 -0.0381247
0.0723072 -0.0390622
0.0768803 -0.0399739
0.0815813 -0.0408593
0.0864089 -0.0417181
0.0913616 -0.0425499
0.0964377 -0.0433543
0.1016359 -0.0441310
0.1069545 -0.0448797
0.1123919 -0.0456001
0.1179465 -0.0462919
0.1236165 -0.0469549
0.1294002 -0.0475888
0.1352960 -0.0481934
0.1413019 -0.0487686
0.1474162 -0.0493141
0.1536371 -0.0498298
0.1599626 -0.0503157
0.1663908 -0.0507716
0.1729199 -0.0511975
0.1795478 -0.0515933
0.1862725 -0.0519590
0.1930921 -0.0522946
0.2000043 -0.0526003
0.2070073 -0.0528760
0.2140989 -0.0531219
0.2212768 -0.0533380
0.2285391 -0.0535247
0.2358834 -0.0536819
0.2433077 -0.0538101
0.2508096 -0.0539093
0.2583869 -0.0539798
0.2660373 -0.0540220
0.2737586 -0.0540362
0.2815483 -0.0540226
0.2894043 -0.0539817
0.2973241 -0.0539138
0.3053053 -0.0538193
0.3133455 -0.0536987
0.3214424 -0.0535524
0.3295934 -0.0533808
0.3377963 -0.0531845
0.3460484 -0.0529639
0.3543473 -0.0527196
0.3626905 -0.0524520
0.3710755 -0.0521618
0.3794998 -0.0518494
0.3879609 -0.0515155
0.3964561 -0.0511606
0.4049830 -0.0507853
0.4135390 -0.0503902
0.4221215 -0.0499759
0.4307280 -0.0495430
0.4393557 -0.0490921
0.4480022 -0.0486239
0.4566648 -0.0481388
0.4653410 -0.0476377
0.4740280 -0.0471210
0.4827233 -0.0465894
0.4914243 -0.0460435
0.5001282 -0.0454840
0.5088326 -0.0449114
0.5175347 -0.0443264
0.5262320 -0.0437296
0.5349217 -0.0431216
0.5436013 -0.0425029
0.5522682 -0.0418742
0.5609114 -0.0412366
0.5695349 -0.0405919
0.5781380 -0.0399408
0.5867182 -0.0392837
0.5952728 -0.0386213
0.6037994 -0.0379540
0.6122952 -0.0372823
0.6207578 -0.0366068
0.6291845 -0.0359280
0.6375729 -0.0352463
0.6459202 -0.0345622
0.6542241 -0.0338762
0.6624820 -0.0331887
0.6706913 -0.0325002
0.6788495 -0.0318112
0.6869542 -0.0311219
0.6950030 -0.0304330
0.7029932 -0.0297446
0.7109226 -0.0290573
0.7187886 -0.0283714
0.7265889 -0.0276874
0.7343211 -0.0270055
0.7419828 -0.0263261
0.7495716 -0.0256496
0.7570853 -0.0249764
0.7645215 -0.0243067
0.7718779 -0.0236409
0.7791524 -0.0229794
0.7863425 -0.0223224
0.7934463 -0.0216702
0.8004613 -0.0210233
0.8073856 -0.0203818
0.8142169 -0.0197461
0.8209531 -0.0191164
0.8275922 -0.0184932
0.8341322 -0.0178766
0.8405709 -0.0172670
0.8469065 -0.0166647
0.8531369 -0.0160698
0.8592602 -0.0154828
0.8652745 -0.0149039
0.8711780 -0.0143334
0.8769688 -0.0137715
0.8826452 -0.0132186
0.8882053 -0.0126749
0.8936475 -0.0121406
0.8989700 -0.0116161
0.9041712 -0.0111016
0.9092495 -0.0105975
0.9142033 -0.0101038
0.9190311 -0.0096210
0.9237312 -0.0091493
0.9283024 -0.0086889
0.9327431 -0.0082402
0.9370520 -0.0078032
0.9412277 -0.0073784
0.9452689 -0.0069660
0.9491743 -0.0065661
0.9529428 -0.0061791
0.9565731 -0.0058051
0.9600641 -0.0054445
0.9634147 -0.0050973
0.9666239 -0.0047640
0.9696907 -0.0044445
0.9726140 -0.0041393
0.9753929 -0.0038484
0.9780267 -0.0035721
0.9805145 -0.0033105
0.9828554 -0.0030638
0.9850487 -0.0028323
0.9870939 -0.0026160
0.9889901 -0.0024150
0.9907368 -0.0022297
0.9923335 -0.0020600
0.9937797 -0.0019060
0.9950748 -0.0017680
0.9962186 -0.0016460
0.9972106 -0.0015401
0.9980505 -0.0014503
0.9987380 -0.0013768
0.9992730 -0.0013195
0.9996553 -0.0012786
0.9998847 -0.0012541
0.9999611 -0.0012459
