AIRFOIL_LNY
1.0000405 0.0007592
0.9999647 0.0007697
0.9997373 0.0008012
0.9993583 0.0008536
0.9988279 0.0009270
0.9981463 0.0010212
0.9973136 0.0011362
0.9963300 0.0012719
0.9951960 0.0014280
0.9939117 0.0016046
0.9924777 0.0018015
0.9908943 0.0020184
0.9891619 0.0022553
0.9872812 0.0025118
0.9852526 0.0027877
0.9830768 0.0030829
0.9807543 0.0033971
0.9782860 0.0037299
0.9756725 0.0040812
0.9729147 0.0044506
0.9700132 0.0048378
0.9669691 0.0052424
0.9637831 0.0056642
0.9604563 0.0061028
0.9569897 0.0065578
0.9533842 0.0070289
0.9496410 0.0075156
0.9457611 0.0080176
0.9417458 0.0085344
0.9375962 0.0090656
0.9333135 0.0096109
0.9288991 0.0101698
0.9243542 0.0107418
0.9196803 0.0113265
0.9148787 0.0119234
0.9099509 0.0125321
0.9048982 0.0131521
0.8997224 0.0137830
0.8944248 0.0144242
0.8890071 0.0150753
0.8834710 0.0157357
0.8778180 0.0164051
0.8720499 0.0170828
0.8661684 0.0177685
0.8601753 0.0184616
0.8540723 0.0191616
0.8478614 0.0198680
0.8415443 0.0205802
0.8351231 0.0212979
0.8285995 0.0220205
0.8219757 0.0227474
0.8152535 0.0234782
0.8084351 0.0242124
0.8015224 0.0249494
0.7945176 0.0256887
0.7874227 0.0264298
0.7802400 0.0271723
0.7729715 0.0279156
0.7656196 0.0286592
0.7581863 0.0294025
0.7506740 0.0301452
0.7430850 0.0308866
0.7354215 0.0316262
0.7276858 0.0323637
0.7198803 0.0330984
0.7120074 0.0338298
0.7040695 0.0345575
0.6960689 0.0352810
0.6880081 0.0359997
0.6798895 0.0367132
0.6717157 0.0374209
0.6634890 0.0381224
0.6552120 0.0388171
0.6468873 0.0395046
0.6385172 0.0401844
0.6301045 0.0408561
0.6216516 0.0415190
0.6131611 0.0421727
0.6046356 0.0428169
0.5960778 0.0434509
0.5874901 0.0440742
0.5788753 0.0446866
0.5702360 0.0452874
0.5615748 0.0458761
0.5528943 0.0464525
0.5441972 0.0470159
0.5354861 0.0475659
0.5267638 0.0481022
0.5180329 0.0486242
0.5092960 0.0491315
0.5005559 0.0496237
0.4918151 0.0501003
0.4830765 0.0505610
0.4743426 0.0510054
0.4656161 0.0514330
0.4568998 0.0518435
0.4481963 0.0522364
0.4395082 0.0526115
0.4308382 0.0529683
0.4221891 0.0533066
0.4135633 0.0536259
0.4049637 0.0539259
0.3963928 0.0542064
0.3878533 0.0544670
0.3793478 0.0547074
0.3708789 0.0549274
0.3624493 0.0551267
0.3540614 0.0553051
0.3457180 0.0554623
0.3374215 0.0555981
0.3291746 0.0557124
0.3209797 0.0558049
0.3128394 0.0558756
0.3047563 0.0559242
0.2967327 0.0559506
0.2887712 0.0559547
0.2808742 0.0559365
0.2730442 0.0558959
0.2652835 0.0558328
0.2575906 0.0557472
0.2498333 0.0556228
0.2421548 0.0554455
0.2345579 0.0552165
0.2270450 0.0549368
0.2196187 0.0546073
0.2122814 0.0542294
0.2050356 0.0538041
0.1978837 0.0533326
0.1908281 0.0528163
0.1838712 0.0522565
0.1770151 0.0516543
0.1702623 0.0510114
0.1636150 0.0503289
0.1570752 0.0496084
0.1506451 0.0488513
0.1443269 0.0480591
0.1381226 0.0472334
0.1320342 0.0463755
0.1260636 0.0454871
0.1202128 0.0445698
0.1144835 0.0436250
0.1088777 0.0426544
0.1033970 0.0416595
0.0980432 0.0406420
0.0928180 0.0396034
0.0877228 0.0385453
0.0827594 0.0374693
0.0779292 0.0363769
0.0732337 0.0352699
0.0686742 0.0341496
0.0642520 0.0330176
0.0599686 0.0318756
0.0558251 0.0307249
0.0518228 0.0295670
0.0479626 0.0284035
0.0442458 0.0272356
0.0406734 0.0260649
0.0372463 0.0248927
0.0339655 0.0237204
0.0308317 0.0225491
0.0278460 0.0213802
0.0250089 0.0202149
0.0223212 0.0190544
0.0197837 0.0178997
0.0173968 0.0167520
0.0151611 0.0156122
0.0130772 0.0144814
0.0111455 0.0133605
0.0093665 0.0122503
0.0077404 0.0111516
0.0062675 0.0100652
0.0049482 0.0089918
0.0037826 0.0079321
0.0027708 0.0068865
0.0019131 0.0058556
0.0012094 0.0048399
0.0006597 0.0038398
0.0002641 0.0028555
0.0000223 0.0018873
-0.0000656 0.0009354
0.0000000 0.0000000
0.0002179 -0.0009120
0.0005868 -0.0017938
0.0011064 -0.0026453
0.0017762 -0.0034666
0.0025959 -0.0042578
0.0035650 -0.0050190
0.0046830 -0.0057503
0.0059494 -0.0064520
0.0073635 -0.0071241
0.0089247 -0.0077670
0.0106325 -0.0083810
0.0124859 -0.0089662
0.0144844 -0.0095231
0.0166270 -0.0100521
0.0189130 -0.0105535
0.0213415 -0.0110277
0.0239116 -0.0114751
0.0266223 -0.0118964
0.0294725 -0.0122919
0.0324614 -0.0126623
0.0355878 -0.0130081
0.0388507 -0.0133298
0.0422488 -0.0136282
0.0457811 -0.0139038
0.0494464 -0.0141574
0.0532433 -0.0143896
0.0571707 -0.0146012
0.0612273 -0.0147929
0.0654117 -0.0149656
0.0697226 -0.0151200
0.0741585 -0.0152569
0.0787182 -0.0153773
0.0834002 -0.0154820
0.0882030 -0.0155719
0.0931251 -0.0156479
0.0981651 -0.0157109
0.1033213 -0.0157620
0.1085923 -0.0158021
0.1139764 -0.0158323
0.1194721 -0.0158534
0.1250777 -0.0158667
0.1307916 -0.0158730
0.1366121 -0.0158736
0.1425376 -0.0158694
0.1485663 -0.0158616
0.1546965 -0.0158512
0.1609265 -0.0158395
0.1672544 -0.0158274
0.1736786 -0.0158162
0.1801972 -0.0158070
0.1868084 -0.0158008
0.1935104 -0.0157990
0.2003013 -0.0158026
0.2071792 -0.0158127
0.2141422 -0.0158306
0.2211884 -0.0158573
0.2283160 -0.0158940
0.2355228 -0.0159419
0.2428071 -0.0160021
0.2501667 -0.0160757
0.2575998 -0.0161639
0.2652449 -0.0162534
0.2729653 -0.0163291
0.2807546 -0.0163912
0.2886105 -0.0164399
0.2965307 -0.0164755
0.3045126 -0.0164984
0.3125540 -0.0165087
0.3206523 -0.0165069
0.3288053 -0.0164931
0.3370103 -0.0164679
0.3452650 -0.0164314
0.3535669 -0.0163840
0.3619134 -0.0163261
0.3703020 -0.0162581
0.3787303 -0.0161801
0.3871956 -0.0160927
0.3956955 -0.0159962
0.4042273 -0.0158908
0.4127885 -0.0157771
0.4213765 -0.0156553
0.4299887 -0.0155258
0.4386225 -0.0153890
0.4472753 -0.0152452
0.4559445 -0.0150948
0.4646274 -0.0149380
0.4733215 -0.0147754
0.4820240 -0.0146072
0.4907325 -0.0144337
0.4994441 -0.0142553
0.5081564 -0.0140723
0.5168666 -0.0138850
0.5255721 -0.0136938
0.5342703 -0.0134990
0.5429586 -0.0133008
0.5516342 -0.0130996
0.5602946 -0.0128956
0.5689371 -0.0126891
0.5775591 -0.0124804
0.5861580 -0.0122697
0.5947312 -0.0120573
0.6032760 -0.0118435
0.6117899 -0.0116284
0.6202703 -0.0114123
0.6287146 -0.0111955
0.6371201 -0.0109780
0.6454844 -0.0107602
0.6538050 -0.0105422
0.6620792 -0.0103242
0.6703045 -0.0101064
0.6784784 -0.0098889
0.6865985 -0.0096718
0.6946623 -0.0094554
0.7026672 -0.0092398
0.7106108 -0.0090252
0.7184908 -0.0088115
0.7263047 -0.0085991
0.7340501 -0.0083879
0.7417246 -0.0081781
0.7493260 -0.0079698
0.7568518 -0.0077631
0.7642997 -0.0075581
0.7716675 -0.0073548
0.7789529 -0.0071534
0.7861537 -0.0069540
0.7932677 -0.0067566
0.8002926 -0.0065612
0.8072264 -0.0063681
0.8140669 -0.0061771
0.8208119 -0.0059885
0.8274595 -0.0058022
0.8340075 -0.0056183
0.8404540 -0.0054369
0.8467970 -0.0052581
0.8530345 -0.0050818
0.8591645 -0.0049082
0.8651853 -0.0047373
0.8710949 -0.0045692
0.8768916 -0.0044039
0.8825735 -0.0042414
0.8881388 -0.0040819
0.8935859 -0.0039254
0.8989131 -0.0037720
0.9041187 -0.0036217
0.9092012 -0.0034745
0.9141589 -0.0033305
0.9189903 -0.0031898
0.9236939 -0.0030525
0.9282682 -0.0029186
0.9327119 -0.0027881
0.9370236 -0.0026611
0.9412018 -0.0025377
0.9452454 -0.0024180
0.9491531 -0.0023020
0.9529236 -0.0021897
0.9565558 -0.0020812
0.9600485 -0.0019766
0.9634007 -0.0018760
0.9666113 -0.0017793
0.9696794 -0.0016867
0.9726039 -0.0015982
0.9753840 -0.0015139
0.9780187 -0.0014338
0.9805074 -0.0013580
0.9828491 -0.0012865
0.9850431 -0.0012194
0.9870889 -0.0011566
0.9889857 -0.0010984
0.9907329 -0.0010446
0.9923301 -0.0009954
0.9937766 -0.0009507
0.9950721 -0.0009107
0.9962161 -0.0008753
0.9972083 -0.0008446
0.9980484 -0.0008185
0.9987361 -0.0007972
0.9992712 -0.0007806
0.9996536 -0.0007687
0.9998830 -0.0007616
0.9999595 -0.0007592
