AIRFOIL_LNY
1.0001110 0.0008806
1.0000357 0.0008976
0.9998101 0.0009488
0.9994341 0.0010341
0.9989078 0.0011533
0.9982315 0.0013064
0.9974052 0.0014933
0.9964292 0.0017138
0.9953039 0.0019676
0.9940294 0.0022546
0.9926062 0.0025746
0.9910348 0.0029272
0.9893154 0.0033121
0.9874486 0.0037290
0.9854350 0.0041776
0.9832751 0.0046574
0.9809696 0.0051680
0.9785190 0.0057091
0.9759241 0.0062801
0.9731857 0.0068805
0.9703044 0.0075098
0.9672812 0.0081676
0.9641168 0.0088532
0.9608123 0.0095660
0.9573685 0.0103056
0.9537865 0.0110712
0.9500672 0.0118622
0.9462118 0.0126780
0.9422213 0.0135179
0.9380969 0.0143812
0.9338398 0.0152672
0.9294512 0.0161751
0.9249324 0.0171044
0.9202847 0.0180542
0.9155094 0.0190237
0.9106080 0.0200122
0.9055819 0.0210189
0.9004324 0.0220431
0.8951612 0.0230838
0.8897697 0.0241404
0.8842596 0.0252120
0.8786324 0.0262978
0.8728899 0.0273970
0.8670336 0.0285086
0.8610653 0.0296320
0.8549868 0.0307662
0.8487998 0.0319104
0.8425063 0.0330638
0.8361079 0.0342254
0.8296067 0.0353946
0.8230045 0.0365703
0.8163033 0.0377517
0.8095051 0.0389381
0.8026119 0.0401285
0.7956258 0.0413220
0.7885488 0.0425179
0.7813831 0.0437153
0.7741307 0.0449133
0.7667939 0.0461111
0.7593748 0.0473079
0.7518757 0.0485027
0.7442988 0.0496948
0.7366463 0.0508834
0.7289207 0.0520676
0.7211241 0.0532466
0.7132589 0.0544195
0.7053276 0.0555856
0.6973325 0.0567441
0.6892759 0.0578941
0.6811604 0.0590349
0.6729884 0.0601656
0.6647623 0.0612856
0.6564847 0.0623939
0.6481581 0.0634899
0.6397849 0.0645729
0.6313678 0.0656419
0.6229093 0.0666964
0.6144119 0.0677356
0.6058783 0.0687587
0.5973111 0.0697650
0.5887128 0.0707539
0.5800861 0.0717247
0.5714336 0.0726766
0.5627580 0.0736090
0.5540620 0.0745212
0.5453482 0.0754127
0.5366193 0.0762827
0.5278779 0.0771307
0.5191268 0.0779560
0.5103687 0.0787580
0.5016062 0.0795363
0.4928421 0.0802901
0.4840791 0.0810191
0.4753199 0.0817226
0.4665671 0.0824001
0.4578236 0.0830511
0.4490920 0.0836753
0.4403750 0.0842720
0.4316753 0.0848410
0.4229957 0.0853817
0.4143389 0.0858938
0.4057075 0.0863769
0.3971043 0.0868306
0.3885319 0.0872547
0.3799930 0.0876488
0.3714902 0.0880127
0.3630263 0.0883460
0.3546040 0.0886486
0.3462257 0.0889203
0.3378942 0.0891608
0.3296120 0.0893700
0.3213819 0.0895478
0.3132063 0.0896942
0.3050878 0.0898089
0.2970289 0.0898920
0.2890323 0.0899434
0.2811005 0.0899633
0.2732358 0.0899515
0.2654408 0.0899082
0.2577180 0.0898334
0.2500698 0.0897274
0.2424985 0.0895901
0.2347015 0.0894026
0.2268371 0.0891018
0.2190670 0.0886860
0.2113944 0.0881586
0.2038227 0.0875230
0.1963548 0.0867828
0.1889939 0.0859419
0.1817430 0.0850040
0.1746047 0.0839730
0.1675821 0.0828528
0.1606778 0.0816476
0.1538943 0.0803613
0.1472343 0.0789982
0.1407001 0.0775624
0.1342942 0.0760581
0.1280187 0.0744896
0.1218758 0.0728611
0.1158676 0.0711769
0.1099960 0.0694412
0.1042630 0.0676584
0.0986704 0.0658326
0.0932198 0.0639682
0.0879129 0.0620692
0.0827512 0.0601399
0.0777361 0.0581844
0.0728691 0.0562068
0.0681514 0.0542110
0.0635842 0.0522011
0.0591686 0.0501809
0.0549057 0.0481542
0.0507964 0.0461249
0.0468417 0.0440965
0.0430424 0.0420726
0.0393992 0.0400567
0.0359128 0.0380522
0.0325838 0.0360623
0.0294128 0.0340902
0.0264003 0.0321390
0.0235467 0.0302116
0.0208524 0.0283107
0.0183176 0.0264391
0.0159427 0.0245994
0.0137278 0.0227940
0.0116730 0.0210251
0.0097784 0.0192949
0.0080442 0.0176055
0.0064701 0.0159587
0.0050562 0.0143562
0.0038023 0.0127997
0.0027082 0.0112905
0.0017738 0.0098299
0.0009987 0.0084192
0.0003826 0.0070591
-0.0000750 0.0057507
-0.0003743 0.0044945
-0.0005159 0.0032910
-0.0005003 0.0021407
-0.0003282 0.0010437
0.0000000 0.0000000
0.0004805 -0.0009829
0.0011095 -0.0018977
0.0018864 -0.0027448
0.0028102 -0.0035247
0.0038803 -0.0042379
0.0050955 -0.0048851
0.0064552 -0.0054671
0.0079581 -0.0059849
0.0096034 -0.0064394
0.0113899 -0.0068318
0.0133166 -0.0071633
0.0153823 -0.0074351
0.0175858 -0.0076487
0.0199258 -0.0078057
0.0224012 -0.0079075
0.0250105 -0.0079560
0.0277526 -0.0079529
0.0306259 -0.0079000
0.0336291 -0.0077994
0.0367607 -0.0076530
0.0400193 -0.0074629
0.0434033 -0.0072314
0.0469114 -0.0069607
0.0505418 -0.0066530
0.0542931 -0.0063109
0.0581636 -0.0059368
0.0621518 -0.0055331
0.0662560 -0.0051024
0.0704746 -0.0046474
0.0748060 -0.0041707
0.0792485 -0.0036749
0.0838005 -0.0031630
0.0884603 -0.0026375
0.0932263 -0.0021014
0.0980968 -0.0015575
0.1030701 -0.0010087
0.1081447 -0.0004579
0.1133188 0.0000920
0.1185910 0.0006381
0.1239595 0.0011773
0.1294229 0.0017068
0.1349794 0.0022236
0.1406276 0.0027246
0.1463660 0.0032068
0.1521931 0.0036674
0.1581073 0.0041033
0.1641073 0.0045114
0.1701916 0.0048889
0.1763589 0.0052328
0.1826076 0.0055400
0.1889367 0.0058077
0.1953446 0.0060329
0.2018301 0.0062127
0.2083921 0.0063441
0.2150291 0.0064243
0.2217401 0.0064504
0.2285239 0.0064197
0.2353793 0.0063291
0.2424634 0.0061805
0.2499302 0.0060276
0.2574724 0.0058866
0.2650876 0.0057572
0.2727737 0.0056390
0.2805284 0.0055315
0.2883494 0.0054343
0.2962344 0.0053470
0.3041811 0.0052690
0.3121872 0.0052001
0.3202502 0.0051396
0.3283678 0.0050872
0.3365377 0.0050423
0.3447573 0.0050046
0.3530243 0.0049735
0.3613363 0.0049485
0.3696907 0.0049293
0.3780851 0.0049154
0.3865171 0.0049062
0.3949840 0.0049014
0.4034835 0.0049004
0.4120129 0.0049028
0.4205698 0.0049083
0.4291516 0.0049163
0.4377557 0.0049264
0.4463796 0.0049383
0.4550207 0.0049514
0.4636764 0.0049655
0.4723442 0.0049801
0.4810214 0.0049949
0.4897054 0.0050095
0.4983938 0.0050236
0.5070837 0.0050367
0.5157727 0.0050487
0.5244580 0.0050593
0.5331372 0.0050680
0.5418075 0.0050747
0.5504664 0.0050792
0.5591113 0.0050811
0.5677395 0.0050802
0.5763484 0.0050765
0.5849354 0.0050696
0.5934979 0.0050594
0.6020334 0.0050458
0.6105391 0.0050285
0.6190126 0.0050076
0.6274512 0.0049829
0.6358524 0.0049544
0.6442136 0.0049219
0.6525323 0.0048854
0.6608058 0.0048448
0.6690317 0.0048003
0.6772075 0.0047517
0.6853307 0.0046990
0.6933987 0.0046424
0.7014090 0.0045818
0.7093593 0.0045172
0.7172471 0.0044489
0.7250698 0.0043768
0.7328252 0.0043010
0.7405108 0.0042216
0.7481243 0.0041388
0.7556633 0.0040527
0.7631254 0.0039633
0.7705083 0.0038710
0.7778098 0.0037757
0.7850276 0.0036776
0.7921594 0.0035770
0.7992031 0.0034740
0.8061564 0.0033687
0.8130171 0.0032613
0.8197831 0.0031521
0.8264524 0.0030412
0.8330227 0.0029288
0.8394921 0.0028152
0.8458585 0.0027003
0.8521200 0.0025846
0.8582745 0.0024682
0.8643201 0.0023512
0.8702549 0.0022340
0.8760771 0.0021166
0.8817848 0.0019992
0.8873762 0.0018822
0.8928496 0.0017655
0.8982031 0.0016496
0.9034351 0.0015344
0.9085440 0.0014202
0.9135281 0.0013073
0.9183859 0.0011956
0.9231157 0.0010855
0.9277161 0.0009771
0.9321856 0.0008706
0.9365228 0.0007660
0.9407263 0.0006636
0.9447947 0.0005635
0.9487268 0.0004659
0.9525213 0.0003708
0.9561769 0.0002784
0.9596925 0.0001889
0.9630670 0.0001024
0.9662993 0.0000189
0.9693882 -0.0000615
0.9723329 -0.0001385
0.9751324 -0.0002122
0.9777858 -0.0002823
0.9802921 -0.0003490
0.9826507 -0.0004120
0.9848607 -0.0004712
0.9869214 -0.0005267
0.9888322 -0.0005784
0.9905924 -0.0006261
0.9922015 -0.0006698
0.9936589 -0.0007096
0.9949642 -0.0007453
0.9961169 -0.0007768
0.9971167 -0.0008043
0.9979632 -0.0008275
0.9986562 -0.0008466
0.9991955 -0.0008615
0.9995807 -0.0008721
0.9998120 -0.0008785
0.9998890 -0.0008806
