AIRFOIL_LNY
1.0000303 0.0016890
0.9999544 0.0017047
0.9997267 0.0017517
0.9993473 0.0018301
0.9988163 0.0019397
0.9981339 0.0020805
0.9973003 0.0022523
0.9963156 0.0024550
0.9951803 0.0026883
0.9938946 0.0029522
0.9924590 0.0032464
0.9908738 0.0035706
0.9891396 0.0039245
0.9872568 0.0043078
0.9852260 0.0047203
0.9830479 0.0051616
0.9807230 0.0056312
0.9782521 0.0061288
0.9756359 0.0066540
0.9728752 0.0072064
0.9699708 0.0077855
0.9669236 0.0083908
0.9637344 0.0090218
0.9604044 0.0096781
0.9569344 0.0103590
0.9533254 0.0110641
0.9495787 0.0117929
0.9456952 0.0125446
0.9416762 0.0133189
0.9375228 0.0141150
0.9332364 0.0149324
0.9288182 0.0157704
0.9242694 0.0166285
0.9195916 0.0175059
0.9147861 0.0184021
0.9098543 0.0193164
0.9047977 0.0202481
0.8996178 0.0211967
0.8943163 0.0221613
0.8888947 0.0231414
0.8833546 0.0241362
0.8776976 0.0251451
0.8719256 0.0261674
0.8660403 0.0272024
0.8600433 0.0282494
0.8539366 0.0293077
0.8477220 0.0303766
0.8414013 0.0314554
0.8349764 0.0325434
0.8284494 0.0336399
0.8218221 0.0347442
0.8150966 0.0358555
0.8082748 0.0369732
0.8013590 0.0380965
0.7943511 0.0392247
0.7872533 0.0403572
0.7800677 0.0414931
0.7727965 0.0426317
0.7654420 0.0437724
0.7580062 0.0449143
0.7504916 0.0460569
0.7429003 0.0471992
0.7352347 0.0483406
0.7274971 0.0494803
0.7196898 0.0506177
0.7118153 0.0517518
0.7038759 0.0528820
0.6958739 0.0540076
0.6878119 0.0551277
0.6796924 0.0562415
0.6715177 0.0573484
0.6632903 0.0584475
0.6550128 0.0595380
0.6466876 0.0606192
0.6383174 0.0616902
0.6299046 0.0627502
0.6214519 0.0637985
0.6129617 0.0648342
0.6044367 0.0658566
0.5958795 0.0668647
0.5872927 0.0678577
0.5786789 0.0688349
0.5700407 0.0697954
0.5613808 0.0707384
0.5527018 0.0716630
0.5440063 0.0725683
0.5352971 0.0734536
0.5265768 0.0743180
0.5178480 0.0751607
0.5091134 0.0759808
0.5003757 0.0767774
0.4916375 0.0775498
0.4829016 0.0782971
0.4741706 0.0790184
0.4654471 0.0797130
0.4567340 0.0803800
0.4480337 0.0810186
0.4393490 0.0816280
0.4306826 0.0822075
0.4220370 0.0827562
0.4134150 0.0832734
0.4048193 0.0837583
0.3962523 0.0842102
0.3877168 0.0846284
0.3792154 0.0850122
0.3707507 0.0853608
0.3623253 0.0856737
0.3539418 0.0859502
0.3456028 0.0861896
0.3373107 0.0863915
0.3290682 0.0865551
0.3208779 0.0866801
0.3127421 0.0867659
0.3046635 0.0868119
0.2966445 0.0868179
0.2886712 0.0867831
0.2806993 0.0867020
0.2727953 0.0865718
0.2649617 0.0863926
0.2572010 0.0861641
0.2495157 0.0858865
0.2419083 0.0855597
0.2343813 0.0851839
0.2269370 0.0847590
0.2195779 0.0842854
0.2123063 0.0837632
0.2051247 0.0831927
0.1980351 0.0825741
0.1910401 0.0819079
0.1841417 0.0811944
0.1773421 0.0804340
0.1706437 0.0796272
0.1640484 0.0787746
0.1575585 0.0778767
0.1511758 0.0769340
0.1449026 0.0759473
0.1387406 0.0749172
0.1326920 0.0738443
0.1267586 0.0727295
0.1209422 0.0715736
0.1152446 0.0703772
0.1096678 0.0691413
0.1042132 0.0678667
0.0988828 0.0665543
0.0936780 0.0652050
0.0886005 0.0638196
0.0836519 0.0623993
0.0788336 0.0609449
0.0741471 0.0594574
0.0695939 0.0579378
0.0651752 0.0563870
0.0608925 0.0548062
0.0567469 0.0531962
0.0527397 0.0515581
0.0488721 0.0498929
0.0451452 0.0482016
0.0415600 0.0464852
0.0381177 0.0447447
0.0348192 0.0429810
0.0316653 0.0411951
0.0286571 0.0393880
0.0257953 0.0375605
0.0230808 0.0357137
0.0205142 0.0338483
0.0180963 0.0319652
0.0158276 0.0300653
0.0137088 0.0281493
0.0117405 0.0262180
0.0099231 0.0242721
0.0082570 0.0223124
0.0067427 0.0203395
0.0053806 0.0183540
0.0041708 0.0163565
0.0031137 0.0143476
0.0022095 0.0123276
0.0014583 0.0102972
0.0008602 0.0082567
0.0004154 0.0062064
0.0001238 0.0041467
-0.0000147 0.0020778
0.0000000 0.0000000
0.0001670 -0.0020711
0.0004854 -0.0041200
0.0009551 -0.0061464
0.0015757 -0.0081502
0.0023470 -0.0101311
0.0032686 -0.0120889
0.0043401 -0.0140232
0.0055611 -0.0159339
0.0069311 -0.0178206
0.0084495 -0.0196829
0.0101158 -0.0215206
0.0119293 -0.0233332
0.0138894 -0.0251204
0.0159954 -0.0268817
0.0182466 -0.0286169
0.0206420 -0.0303254
0.0231810 -0.0320068
0.0258627 -0.0336607
0.0286861 -0.0352867
0.0316503 -0.0368842
0.0347542 -0.0384529
0.0379970 -0.0399922
0.0413774 -0.0415018
0.0448945 -0.0429811
0.0485470 -0.0444297
0.0523339 -0.0458472
0.0562538 -0.0472331
0.0603055 -0.0485870
0.0644878 -0.0499084
0.0687994 -0.0511970
0.0732388 -0.0524523
0.0778048 -0.0536739
0.0824958 -0.0548616
0.0873105 -0.0560148
0.0922474 -0.0571334
0.0973050 -0.0582170
0.1024817 -0.0592653
0.1077760 -0.0602781
0.1131863 -0.0612551
0.1187109 -0.0621961
0.1243482 -0.0631009
0.1300966 -0.0639695
0.1359543 -0.0648016
0.1419196 -0.0655972
0.1479907 -0.0663562
0.1541658 -0.0670786
0.1604432 -0.0677644
0.1668210 -0.0684137
0.1732973 -0.0690266
0.1798702 -0.0696031
0.1865380 -0.0701434
0.1932985 -0.0706477
0.2001498 -0.0711161
0.2070901 -0.0715491
0.2141172 -0.0719468
0.2212292 -0.0723095
0.2284240 -0.0726376
0.2356995 -0.0729316
0.2430536 -0.0731917
0.2504843 -0.0734185
0.2579894 -0.0736125
0.2655668 -0.0737741
0.2732142 -0.0739039
0.2809295 -0.0740025
0.2887105 -0.0740704
0.2966188 -0.0741058
0.3046053 -0.0741040
0.3126513 -0.0740654
0.3207542 -0.0739905
0.3289116 -0.0738798
0.3371211 -0.0737339
0.3453803 -0.0735534
0.3536865 -0.0733389
0.3620373 -0.0730910
0.3704302 -0.0728104
0.3788627 -0.0724978
0.3873321 -0.0721539
0.3958360 -0.0717793
0.4043717 -0.0713749
0.4129368 -0.0709414
0.4215285 -0.0704794
0.4301443 -0.0699899
0.4387817 -0.0694735
0.4474378 -0.0689311
0.4561103 -0.0683634
0.4647964 -0.0677712
0.4734935 -0.0671554
0.4821989 -0.0665168
0.4909101 -0.0658561
0.4996243 -0.0651742
0.5083390 -0.0644718
0.5170515 -0.0637499
0.5257592 -0.0630091
0.5344594 -0.0622503
0.5431494 -0.0614743
0.5518267 -0.0606819
0.5604886 -0.0598739
0.5691324 -0.0590511
0.5777556 -0.0582141
0.5863555 -0.0573639
0.5949295 -0.0565011
0.6034750 -0.0556266
0.6119893 -0.0547410
0.6204700 -0.0538451
0.6289144 -0.0529396
0.6373199 -0.0520253
0.6456841 -0.0511029
0.6540042 -0.0501730
0.6622779 -0.0492363
0.6705025 -0.0482936
0.6786756 -0.0473455
0.6867946 -0.0463927
0.6948572 -0.0454359
0.7028608 -0.0444756
0.7108030 -0.0435125
0.7186813 -0.0425473
0.7264934 -0.0415806
0.7342368 -0.0406130
0.7419093 -0.0396452
0.7495084 -0.0386777
0.7570318 -0.0377111
0.7644773 -0.0367460
0.7718425 -0.0357830
0.7791252 -0.0348228
0.7863231 -0.0338658
0.7934342 -0.0329127
0.8004560 -0.0319641
0.8073866 -0.0310204
0.8142238 -0.0300824
0.8209655 -0.0291504
0.8276097 -0.0282252
0.8341542 -0.0273072
0.8405971 -0.0263970
0.8469364 -0.0254952
0.8531702 -0.0246023
0.8592965 -0.0237189
0.8653134 -0.0228454
0.8712192 -0.0219826
0.8770119 -0.0211308
0.8826899 -0.0202906
0.8882513 -0.0194627
0.8936945 -0.0186474
0.8990177 -0.0178454
0.9042193 -0.0170571
0.9092978 -0.0162832
0.9142515 -0.0155240
0.9190790 -0.0147802
0.9237787 -0.0140522
0.9283491 -0.0133405
0.9327890 -0.0126457
0.9370969 -0.0119682
0.9412714 -0.0113085
0.9453113 -0.0106672
0.9492154 -0.0100445
0.9529824 -0.0094412
0.9566111 -0.0088575
0.9601005 -0.0082939
0.9634494 -0.0077509
0.9666569 -0.0072288
0.9697218 -0.0067281
0.9726434 -0.0062492
0.9754206 -0.0057924
0.9780527 -0.0053581
0.9805387 -0.0049467
0.9828779 -0.0045585
0.9850697 -0.0041938
0.9871133 -0.0038529
0.9890080 -0.0035360
0.9907533 -0.0032436
0.9923487 -0.0029757
0.9937937 -0.0027326
0.9950878 -0.0025146
0.9962305 -0.0023218
0.9972216 -0.0021543
0.9980608 -0.0020124
0.9987477 -0.0018961
0.9992822 -0.0018056
0.9996641 -0.0017408
0.9998933 -0.0017020
0.9999697 -0.0016890
