AIRFOIL_LNY
1.0003113 0.0013965
1.0002377 0.0014254
1.0000171 0.0015118
0.9996494 0.0016558
0.9991347 0.0018572
0.9984732 0.0021157
0.9976650 0.0024312
0.9967103 0.0028032
0.9956092 0.0032315
0.9943621 0.0037156
0.9929692 0.0042549
0.9914309 0.0048490
0.9897474 0.0054972
0.9879193 0.0061988
0.9859468 0.0069533
0.9838304 0.0077597
0.9815707 0.0086173
0.9791681 0.0095252
0.9766233 0.0104826
0.9739367 0.0114883
0.9711090 0.0125415
0.9681410 0.0136411
0.9650332 0.0147860
0.9617864 0.0159750
0.9584015 0.0172070
0.9548791 0.0184807
0.9512201 0.0197949
0.9474255 0.0211483
0.9434962 0.0225395
0.9394330 0.0239672
0.9352370 0.0254301
0.9309093 0.0269266
0.9264508 0.0284554
0.9218627 0.0300149
0.9171462 0.0316037
0.9123024 0.0332202
0.9073326 0.0348628
0.9022380 0.0365300
0.8970199 0.0382203
0.8916797 0.0399320
0.8862187 0.0416634
0.8806383 0.0434130
0.8749401 0.0451791
0.8691254 0.0469601
0.8631959 0.0487542
0.8571530 0.0505599
0.8509985 0.0523753
0.8447339 0.0541989
0.8383610 0.0560290
0.8318814 0.0578639
0.8252969 0.0597018
0.8186093 0.0615411
0.8118205 0.0633801
0.8049323 0.0652171
0.7979466 0.0670505
0.7908654 0.0688785
0.7836906 0.0706995
0.7764243 0.0725119
0.7690685 0.0743140
0.7616253 0.0761041
0.7540969 0.0778807
0.7464853 0.0796420
0.7387928 0.0813866
0.7310216 0.0831129
0.7231739 0.0848192
0.7152520 0.0865040
0.7072584 0.0881658
0.6991952 0.0898031
0.6910650 0.0914144
0.6828700 0.0929982
0.6746128 0.0945530
0.6662959 0.0960775
0.6579217 0.0975701
0.6494928 0.0990297
0.6410118 0.1004547
0.6324812 0.1018438
0.6239036 0.1031959
0.6152818 0.1045095
0.6066183 0.1057834
0.5979159 0.1070165
0.5891774 0.1082076
0.5804053 0.1093555
0.5716026 0.1104591
0.5627720 0.1115173
0.5539163 0.1125290
0.5450383 0.1134934
0.5361410 0.1144093
0.5272271 0.1152759
0.5182996 0.1160923
0.5093614 0.1168576
0.5004154 0.1175711
0.4914645 0.1182319
0.4825064 0.1188393
0.4735228 0.1193895
0.4645426 0.1198803
0.4555690 0.1203112
0.4466050 0.1206816
0.4376536 0.1209909
0.4287180 0.1212390
0.4198010 0.1214253
0.4109060 0.1215495
0.4020358 0.1216116
0.3931937 0.1216112
0.3843826 0.1215482
0.3756057 0.1214227
0.3668661 0.1212345
0.3581667 0.1209838
0.3495107 0.1206708
0.3409012 0.1202955
0.3323411 0.1198582
0.3238335 0.1193593
0.3153814 0.1187991
0.3069878 0.1181781
0.2986558 0.1174968
0.2903882 0.1167556
0.2821880 0.1159554
0.2740581 0.1150967
0.2660014 0.1141803
0.2580208 0.1132069
0.2501190 0.1121776
0.2422990 0.1110931
0.2345635 0.1099545
0.2269151 0.1087628
0.2193567 0.1075191
0.2118908 0.1062246
0.2045200 0.1048804
0.1972470 0.1034878
0.1900743 0.1020481
0.1830043 0.1005626
0.1760395 0.0990328
0.1691823 0.0974600
0.1624351 0.0958458
0.1558000 0.0941916
0.1492795 0.0924991
0.1428755 0.0907697
0.1365904 0.0890052
0.1304261 0.0872071
0.1243846 0.0853771
0.1184681 0.0835170
0.1126782 0.0816284
0.1070170 0.0797130
0.1014862 0.0777727
0.0960875 0.0758092
0.0908226 0.0738242
0.0856931 0.0718196
0.0807006 0.0697971
0.0758466 0.0677585
0.0711324 0.0657055
0.0665596 0.0636400
0.0621293 0.0615637
0.0578428 0.0594783
0.0537014 0.0573856
0.0497061 0.0552873
0.0458581 0.0531850
0.0421583 0.0510805
0.0386078 0.0489753
0.0352074 0.0468711
0.0319579 0.0447694
0.0288601 0.0426718
0.0259148 0.0405797
0.0231227 0.0384946
0.0204842 0.0364179
0.0180001 0.0343510
0.0156709 0.0322950
0.0134968 0.0302514
0.0114785 0.0282212
0.0096162 0.0262057
0.0079101 0.0242058
0.0063607 0.0222226
0.0049679 0.0202570
0.0037321 0.0183099
0.0026533 0.0163821
0.0017315 0.0144744
0.0009667 0.0125874
0.0003589 0.0107217
-0.0000920 0.0088779
-0.0003862 0.0070564
-0.0005238 0.0052576
-0.0005051 0.0034818
-0.0003304 0.0017292
0.0000000 0.0000000
0.0004827 -0.0016930
0.0011143 -0.0033371
0.0018943 -0.0049321
0.0028221 -0.0064782
0.0038973 -0.0079754
0.0051192 -0.0094236
0.0064872 -0.0108228
0.0080005 -0.0121733
0.0096584 -0.0134749
0.0114601 -0.0147278
0.0134049 -0.0159322
0.0154917 -0.0170881
0.0177198 -0.0181956
0.0200881 -0.0192549
0.0225957 -0.0202662
0.0252415 -0.0212296
0.0280244 -0.0221454
0.0309433 -0.0230138
0.0339972 -0.0238350
0.0371847 -0.0246093
0.0405048 -0.0253369
0.0439560 -0.0260182
0.0475373 -0.0266535
0.0512472 -0.0272430
0.0550844 -0.0277873
0.0590476 -0.0282866
0.0631354 -0.0287414
0.0673463 -0.0291521
0.0716789 -0.0295192
0.0761318 -0.0298431
0.0807034 -0.0301244
0.0853923 -0.0303636
0.0901970 -0.0305612
0.0951158 -0.0307178
0.1001473 -0.0308341
0.1052899 -0.0309106
0.1105419 -0.0309481
0.1159017 -0.0309473
0.1213678 -0.0309087
0.1269385 -0.0308333
0.1326122 -0.0307218
0.1383871 -0.0305749
0.1442617 -0.0303935
0.1502341 -0.0301785
0.1563029 -0.0299307
0.1624661 -0.0296511
0.1687222 -0.0293405
0.1750694 -0.0290000
0.1815059 -0.0286305
0.1880301 -0.0282331
0.1946401 -0.0278087
0.2013342 -0.0273584
0.2081107 -0.0268834
0.2149677 -0.0263846
0.2219036 -0.0258632
0.2289163 -0.0253204
0.2360043 -0.0247572
0.2431656 -0.0241750
0.2503984 -0.0235747
0.2577010 -0.0229578
0.2650713 -0.0223252
0.2725077 -0.0216784
0.2800081 -0.0210184
0.2875708 -0.0203466
0.2951938 -0.0196642
0.3028752 -0.0189724
0.3106131 -0.0182724
0.3184056 -0.0175656
0.3262507 -0.0168531
0.3341464 -0.0161362
0.3420908 -0.0154161
0.3500818 -0.0146941
0.3581176 -0.0139713
0.3661959 -0.0132491
0.3743149 -0.0125285
0.3824724 -0.0118107
0.3906663 -0.0110970
0.3988946 -0.0103884
0.4071552 -0.0096860
0.4154459 -0.0089910
0.4237645 -0.0083045
0.4321089 -0.0076274
0.4404770 -0.0069608
0.4488665 -0.0063057
0.4572752 -0.0056630
0.4657009 -0.0050336
0.4741413 -0.0044185
0.4825941 -0.0038185
0.4910831 -0.0032329
0.4995846 -0.0026597
0.5080910 -0.0020998
0.5165999 -0.0015536
0.5251089 -0.0010220
0.5336155 -0.0005055
0.5421174 -0.0000046
0.5506122 0.0004801
0.5590974 0.0009480
0.5675705 0.0013988
0.5760291 0.0018320
0.5844708 0.0022473
0.5928931 0.0026443
0.6012934 0.0030227
0.6096693 0.0033824
0.6180183 0.0037230
0.6263379 0.0040445
0.6346256 0.0043467
0.6428789 0.0046295
0.6510953 0.0048928
0.6592723 0.0051368
0.6674073 0.0053614
0.6754979 0.0055667
0.6835416 0.0057527
0.6915359 0.0059198
0.6994783 0.0060680
0.7073662 0.0061975
0.7151973 0.0063086
0.7229689 0.0064017
0.7306788 0.0064770
0.7383243 0.0065348
0.7459031 0.0065755
0.7534127 0.0065996
0.7608507 0.0066075
0.7682147 0.0065995
0.7755023 0.0065763
0.7827110 0.0065383
0.7898386 0.0064859
0.7968827 0.0064198
0.8038410 0.0063405
0.8107111 0.0062485
0.8174907 0.0061445
0.8241777 0.0060291
0.8307696 0.0059027
0.8372644 0.0057662
0.8436599 0.0056200
0.8499537 0.0054649
0.8561439 0.0053014
0.8622283 0.0051302
0.8682048 0.0049520
0.8740713 0.0047673
0.8798258 0.0045769
0.8854663 0.0043814
0.8909908 0.0041814
0.8963975 0.0039776
0.9016844 0.0037706
0.9068496 0.0035610
0.9118914 0.0033494
0.9168078 0.0031366
0.9215973 0.0029230
0.9262580 0.0027093
0.9307884 0.0024961
0.9351867 0.0022839
0.9394514 0.0020733
0.9435810 0.0018648
0.9475739 0.0016591
0.9514287 0.0014565
0.9551440 0.0012577
0.9587184 0.0010630
0.9621507 0.0008731
0.9654394 0.0006882
0.9685836 0.0005090
0.9715819 0.0003357
0.9744332 0.0001689
0.9771366 0.0000088
0.9796910 -0.0001441
0.9820954 -0.0002895
0.9843490 -0.0004271
0.9864508 -0.0005565
0.9884002 -0.0006775
0.9901963 -0.0007899
0.9918385 -0.0008933
0.9933262 -0.0009875
0.9946589 -0.0010724
0.9958359 -0.0011477
0.9968569 -0.0012133
0.9977215 -0.0012690
0.9984293 -0.0013148
0.9989801 -0.0013505
0.9993737 -0.0013761
0.9996099 -0.0013914
0.9996887 -0.0013965
