AIRFOIL_LNY
1.0002439 0.0016144
1.0001698 0.0016396
0.9999475 0.0017151
0.9995771 0.0018410
0.9990586 0.0020171
0.9983922 0.0022432
0.9975780 0.0025192
0.9966163 0.0028448
0.9955074 0.0032197
0.9942514 0.0036436
0.9928487 0.0041162
0.9912997 0.0046369
0.9896048 0.0052054
0.9877645 0.0058212
0.9857791 0.0064838
0.9836492 0.0071925
0.9813754 0.0079469
0.9789582 0.0087461
0.9763983 0.0095896
0.9736963 0.0104767
0.9708530 0.0114066
0.9678691 0.0123785
0.9647454 0.0133916
0.9614827 0.0144451
0.9580819 0.0155381
0.9545439 0.0166697
0.9508695 0.0178390
0.9470599 0.0190450
0.9431159 0.0202868
0.9390388 0.0215633
0.9348295 0.0228736
0.9304892 0.0242166
0.9260191 0.0255912
0.9214203 0.0269964
0.9166942 0.0284311
0.9118421 0.0298941
0.9068652 0.0313843
0.9017649 0.0329007
0.8965426 0.0344419
0.8911998 0.0360069
0.8857380 0.0375945
0.8801587 0.0392035
0.8744633 0.0408327
0.8686536 0.0424809
0.8627311 0.0441469
0.8566975 0.0458295
0.8505546 0.0475273
0.8443040 0.0492393
0.8379475 0.0509642
0.8314869 0.0527008
0.8249241 0.0544477
0.8182609 0.0562039
0.8114993 0.0579679
0.8046412 0.0597387
0.7976886 0.0615149
0.7906434 0.0632953
0.7835077 0.0650786
0.7762837 0.0668637
0.7689733 0.0686493
0.7615787 0.0704341
0.7541022 0.0722170
0.7465458 0.0739966
0.7389118 0.0757718
0.7312024 0.0775413
0.7234200 0.0793040
0.7155668 0.0810585
0.7076451 0.0828037
0.6996574 0.0845384
0.6916059 0.0862614
0.6834931 0.0879714
0.6753214 0.0896673
0.6670933 0.0913479
0.6588113 0.0930120
0.6504777 0.0946585
0.6420952 0.0962861
0.6336664 0.0978938
0.6251936 0.0994803
0.6166796 0.1010446
0.6081269 0.1025854
0.5995381 0.1041018
0.5909159 0.1055924
0.5822629 0.1070564
0.5735818 0.1084925
0.5648752 0.1098996
0.5561458 0.1112768
0.5473963 0.1126230
0.5386296 0.1139371
0.5298481 0.1152181
0.5210548 0.1164650
0.5122524 0.1176768
0.5034436 0.1188526
0.4946311 0.1199913
0.4858178 0.1210921
0.4770065 0.1221541
0.4681998 0.1231763
0.4594007 0.1241579
0.4506119 0.1250981
0.4418361 0.1259960
0.4330763 0.1268509
0.4243351 0.1276620
0.4156154 0.1284285
0.4069200 0.1291498
0.3982517 0.1298252
0.3896132 0.1304541
0.3810073 0.1310358
0.3724369 0.1315698
0.3639047 0.1320556
0.3554134 0.1324926
0.3469658 0.1328805
0.3385647 0.1332187
0.3302127 0.1335070
0.3219127 0.1337450
0.3136672 0.1339323
0.3054791 0.1340688
0.2973508 0.1341543
0.2892853 0.1341885
0.2812849 0.1341714
0.2733524 0.1341028
0.2654904 0.1339829
0.2577014 0.1338115
0.2498927 0.1335883
0.2413358 0.1332515
0.2328770 0.1327618
0.2245210 0.1321229
0.2162723 0.1313389
0.2081350 0.1304138
0.2001135 0.1293519
0.1922118 0.1281577
0.1844339 0.1268356
0.1767834 0.1253904
0.1692640 0.1238269
0.1618793 0.1221501
0.1546325 0.1203647
0.1475268 0.1184761
0.1405652 0.1164892
0.1337506 0.1144092
0.1270857 0.1122415
0.1205729 0.1099911
0.1142148 0.1076634
0.1080136 0.1052636
0.1019712 0.1027970
0.0960897 0.1002688
0.0903710 0.0976843
0.0848165 0.0950485
0.0794279 0.0923668
0.0742065 0.0896440
0.0691537 0.0868852
0.0642704 0.0840954
0.0595578 0.0812794
0.0550168 0.0784421
0.0506481 0.0755880
0.0464524 0.0727217
0.0424302 0.0698478
0.0385822 0.0669705
0.0349085 0.0640942
0.0314095 0.0612229
0.0280854 0.0583606
0.0249362 0.0555112
0.0219621 0.0526783
0.0191629 0.0498655
0.0165386 0.0470762
0.0140889 0.0443137
0.0118135 0.0415810
0.0097121 0.0388811
0.0077843 0.0362168
0.0060297 0.0335907
0.0044477 0.0310051
0.0030377 0.0284623
0.0017990 0.0259645
0.0007311 0.0235135
-0.0001669 0.0211110
-0.0008957 0.0187585
-0.0014563 0.0164574
-0.0018494 0.0142090
-0.0020761 0.0120140
-0.0021373 0.0098734
-0.0020341 0.0077878
-0.0017677 0.0057574
-0.0013390 0.0037827
-0.0007494 0.0018636
0.0000000 0.0000000
0.0009017 -0.0017949
0.0019482 -0.0035079
0.0031381 -0.0051396
0.0044701 -0.0066908
0.0059426 -0.0081621
0.0075542 -0.0095546
0.0093032 -0.0108691
0.0111882 -0.0121068
0.0132074 -0.0132689
0.0153591 -0.0143567
0.0176417 -0.0153714
0.0200534 -0.0163147
0.0225923 -0.0171880
0.0252566 -0.0179929
0.0280445 -0.0187312
0.0309540 -0.0194047
0.0339831 -0.0200152
0.0371300 -0.0205647
0.0403926 -0.0210552
0.0437688 -0.0214886
0.0472566 -0.0218673
0.0508540 -0.0221933
0.0545589 -0.0224690
0.0583692 -0.0226965
0.0622827 -0.0228783
0.0662975 -0.0230168
0.0704113 -0.0231143
0.0746222 -0.0231733
0.0789279 -0.0231964
0.0833265 -0.0231861
0.0878159 -0.0231449
0.0923941 -0.0230754
0.0970590 -0.0229802
0.1018088 -0.0228620
0.1066414 -0.0227233
0.1115551 -0.0225668
0.1165480 -0.0223952
0.1216183 -0.0222111
0.1267643 -0.0220171
0.1319843 -0.0218161
0.1372769 -0.0216105
0.1426403 -0.0214030
0.1480734 -0.0211964
0.1535745 -0.0209933
0.1591426 -0.0207964
0.1647764 -0.0206082
0.1704748 -0.0204315
0.1762369 -0.0202689
0.1820617 -0.0201230
0.1879484 -0.0199965
0.1938962 -0.0198921
0.1999047 -0.0198123
0.2059731 -0.0197599
0.2121012 -0.0197375
0.2182885 -0.0197478
0.2245348 -0.0197934
0.2308399 -0.0198771
0.2372037 -0.0200015
0.2436262 -0.0201694
0.2501073 -0.0203835
0.2574890 -0.0206150
0.2650380 -0.0208194
0.2726571 -0.0209966
0.2803439 -0.0211475
0.2880965 -0.0212725
0.2959125 -0.0213725
0.3037898 -0.0214480
0.3117262 -0.0214997
0.3197194 -0.0215284
0.3277671 -0.0215349
0.3358672 -0.0215198
0.3440172 -0.0214839
0.3522149 -0.0214279
0.3604580 -0.0213527
0.3687440 -0.0212591
0.3770708 -0.0211478
0.3854358 -0.0210196
0.3938366 -0.0208753
0.4022710 -0.0207157
0.4107364 -0.0205416
0.4192304 -0.0203538
0.4277506 -0.0201530
0.4362945 -0.0199401
0.4448597 -0.0197158
0.4534435 -0.0194810
0.4620437 -0.0192362
0.4706576 -0.0189823
0.4792827 -0.0187201
0.4879165 -0.0184501
0.4965564 -0.0181732
0.5052000 -0.0178900
0.5138447 -0.0176011
0.5224878 -0.0173073
0.5311269 -0.0170091
0.5397594 -0.0167072
0.5483827 -0.0164021
0.5569942 -0.0160944
0.5655913 -0.0157847
0.5741716 -0.0154734
0.5827323 -0.0151612
0.5912709 -0.0148484
0.5997848 -0.0145355
0.6082715 -0.0142229
0.6167283 -0.0139111
0.6251527 -0.0136004
0.6335421 -0.0132913
0.6418940 -0.0129840
0.6502057 -0.0126788
0.6584748 -0.0123761
0.6666987 -0.0120762
0.6748749 -0.0117792
0.6830007 -0.0114854
0.6910738 -0.0111951
0.6990915 -0.0109084
0.7070515 -0.0106255
0.7149512 -0.0103466
0.7227881 -0.0100717
0.7305598 -0.0098011
0.7382638 -0.0095348
0.7458978 -0.0092728
0.7534593 -0.0090154
0.7609460 -0.0087625
0.7683554 -0.0085143
0.7756852 -0.0082707
0.7829331 -0.0080317
0.7900967 -0.0077974
0.7971738 -0.0075679
0.8041622 -0.0073430
0.8110595 -0.0071228
0.8178635 -0.0069073
0.8245721 -0.0066965
0.8311831 -0.0064903
0.8376944 -0.0062887
0.8441038 -0.0060917
0.8504092 -0.0058993
0.8566087 -0.0057114
0.8627001 -0.0055279
0.8686815 -0.0053489
0.8745509 -0.0051744
0.8803064 -0.0050041
0.8859461 -0.0048383
0.8914681 -0.0046767
0.8968706 -0.0045194
0.9021518 -0.0043663
0.9073100 -0.0042175
0.9123433 -0.0040728
0.9172502 -0.0039323
0.9220290 -0.0037959
0.9266781 -0.0036636
0.9311959 -0.0035354
0.9355809 -0.0034113
0.9398317 -0.0032913
0.9439467 -0.0031753
0.9479245 -0.0030635
0.9517639 -0.0029556
0.9554636 -0.0028519
0.9590221 -0.0027522
0.9624384 -0.0026566
0.9657113 -0.0025651
0.9688396 -0.0024777
0.9718222 -0.0023944
0.9746582 -0.0023152
0.9773466 -0.0022402
0.9798863 -0.0021693
0.9822766 -0.0021026
0.9845167 -0.0020401
0.9866056 -0.0019818
0.9885428 -0.0019277
0.9903274 -0.0018778
0.9919590 -0.0018323
0.9934370 -0.0017910
0.9947607 -0.0017540
0.9959298 -0.0017213
0.9969439 -0.0016930
0.9978025 -0.0016690
0.9985055 -0.0016493
0.9990525 -0.0016340
0.9994433 -0.0016231
0.9996779 -0.0016166
0.9997561 -0.0016144
