AIRFOIL_LNY
1.0000027 0.0014677
0.9999265 0.0014803
0.9996982 0.0015180
0.9993176 0.0015809
0.9987851 0.0016688
0.9981006 0.0017818
0.9972644 0.0019196
0.9962768 0.0020822
0.9951381 0.0022694
0.9938486 0.0024811
0.9924087 0.0027171
0.9908189 0.0029772
0.9890796 0.0032612
0.9871913 0.0035687
0.9851547 0.0038997
0.9829703 0.0042537
0.9806389 0.0046305
0.9781611 0.0050298
0.9755376 0.0054512
0.9727693 0.0058944
0.9698571 0.0063591
0.9668017 0.0068448
0.9636042 0.0073512
0.9602655 0.0078779
0.9567866 0.0084244
0.9531685 0.0089903
0.9494125 0.0095752
0.9455196 0.0101787
0.9414909 0.0108002
0.9373278 0.0114393
0.9330315 0.0120956
0.9286033 0.0127684
0.9240445 0.0134575
0.9193566 0.0141621
0.9145409 0.0148819
0.9095989 0.0156163
0.9045322 0.0163648
0.8993422 0.0171269
0.8940306 0.0179021
0.8885989 0.0186897
0.8830489 0.0194894
0.8773821 0.0203005
0.8716004 0.0211225
0.8657055 0.0219548
0.8596991 0.0227969
0.8535832 0.0236484
0.8473595 0.0245085
0.8410299 0.0253767
0.8345965 0.0262526
0.8280611 0.0271355
0.8214257 0.0280249
0.8146924 0.0289202
0.8078632 0.0298209
0.8009402 0.0307264
0.7939255 0.0316361
0.7868211 0.0325494
0.7796294 0.0334658
0.7723524 0.0343847
0.7649925 0.0353056
0.7575517 0.0362278
0.7500325 0.0371508
0.7424370 0.0380739
0.7347677 0.0389966
0.7270268 0.0399183
0.7192166 0.0408384
0.7113397 0.0417563
0.7033983 0.0426714
0.6953948 0.0435830
0.6873318 0.0444906
0.6792117 0.0453935
0.6710370 0.0462911
0.6628101 0.0471827
0.6545335 0.0480678
0.6462098 0.0489456
0.6378415 0.0498155
0.6294311 0.0506769
0.6209813 0.0515291
0.6124946 0.0523714
0.6039735 0.0532032
0.5954207 0.0540237
0.5868388 0.0548323
0.5782304 0.0556283
0.5695981 0.0564110
0.5609445 0.0571797
0.5522723 0.0579337
0.5435842 0.0586722
0.5348827 0.0593946
0.5261705 0.0601002
0.5174504 0.0607883
0.5087250 0.0614580
0.4999970 0.0621089
0.4912689 0.0627400
0.4825435 0.0633508
0.4738234 0.0639405
0.4651112 0.0645084
0.4564096 0.0650537
0.4477212 0.0655759
0.4390488 0.0660742
0.4303949 0.0665479
0.4217621 0.0669963
0.4131532 0.0674189
0.4045707 0.0678148
0.3960173 0.0681835
0.3874956 0.0685243
0.3790081 0.0688367
0.3705574 0.0691200
0.3621462 0.0693736
0.3537770 0.0695970
0.3454523 0.0697896
0.3371747 0.0699509
0.3289468 0.0700804
0.3207709 0.0701776
0.3126496 0.0702420
0.3045855 0.0702732
0.2965808 0.0702709
0.2886382 0.0702345
0.2807600 0.0701638
0.2729486 0.0700584
0.2652063 0.0699181
0.2575357 0.0697425
0.2499389 0.0695315
0.2424184 0.0692847
0.2349763 0.0690022
0.2276150 0.0686836
0.2203368 0.0683290
0.2131438 0.0679382
0.2060382 0.0675112
0.1990222 0.0670480
0.1920980 0.0665487
0.1852676 0.0660132
0.1785331 0.0654417
0.1718967 0.0648343
0.1653602 0.0641912
0.1589258 0.0635125
0.1525953 0.0627986
0.1463707 0.0620496
0.1402539 0.0612658
0.1342467 0.0604476
0.1283511 0.0595954
0.1225687 0.0587094
0.1169014 0.0577901
0.1113508 0.0568379
0.1059187 0.0558533
0.1006068 0.0548368
0.0954165 0.0537888
0.0903496 0.0527098
0.0854076 0.0516005
0.0805919 0.0504614
0.0759040 0.0492929
0.0713454 0.0480958
0.0669175 0.0468706
0.0626215 0.0456179
0.0584589 0.0443384
0.0544308 0.0430326
0.0505386 0.0417011
0.0467833 0.0403447
0.0431661 0.0389640
0.0396882 0.0375595
0.0363505 0.0361319
0.0331542 0.0346818
0.0301001 0.0332099
0.0271892 0.0317167
0.0244224 0.0302028
0.0218006 0.0286689
0.0193244 0.0271154
0.0169947 0.0255431
0.0148123 0.0239523
0.0127776 0.0223436
0.0108914 0.0207176
0.0091543 0.0190747
0.0075667 0.0174153
0.0061292 0.0157399
0.0048421 0.0140489
0.0037059 0.0123427
0.0027209 0.0106217
0.0018875 0.0088861
0.0012058 0.0071363
0.0006760 0.0053726
0.0002984 0.0035952
0.0000731 0.0018042
0.0000000 0.0000000
0.0000792 -0.0018040
0.0003108 -0.0035941
0.0006944 -0.0053702
0.0012302 -0.0071322
0.0019178 -0.0088796
0.0027572 -0.0106123
0.0037479 -0.0123300
0.0048898 -0.0140323
0.0061825 -0.0157189
0.0076255 -0.0173894
0.0092185 -0.0190434
0.0109610 -0.0206805
0.0128523 -0.0223002
0.0148920 -0.0239021
0.0170794 -0.0254856
0.0194139 -0.0270502
0.0218947 -0.0285955
0.0245210 -0.0301208
0.0272922 -0.0316256
0.0302073 -0.0331094
0.0332654 -0.0345715
0.0364656 -0.0360113
0.0398070 -0.0374283
0.0432884 -0.0388218
0.0469089 -0.0401912
0.0506674 -0.0415360
0.0545626 -0.0428554
0.0585935 -0.0441489
0.0627588 -0.0454158
0.0670571 -0.0466556
0.0714873 -0.0478677
0.0760479 -0.0490514
0.0807376 -0.0502062
0.0855549 -0.0513315
0.0904984 -0.0524267
0.0955665 -0.0534914
0.1007577 -0.0545250
0.1060705 -0.0555270
0.1115032 -0.0564968
0.1170542 -0.0574342
0.1227217 -0.0583386
0.1285041 -0.0592095
0.1343996 -0.0600467
0.1404063 -0.0608498
0.1465225 -0.0616184
0.1527464 -0.0623522
0.1590759 -0.0630510
0.1655092 -0.0637146
0.1720443 -0.0643426
0.1786793 -0.0649350
0.1854120 -0.0654915
0.1922406 -0.0660122
0.1991628 -0.0664968
0.2061766 -0.0669454
0.2132798 -0.0673579
0.2204703 -0.0677344
0.2277459 -0.0680750
0.2351044 -0.0683796
0.2425436 -0.0686485
0.2500611 -0.0688817
0.2576547 -0.0690795
0.2653221 -0.0692422
0.2730609 -0.0693698
0.2808689 -0.0694628
0.2887435 -0.0695214
0.2966825 -0.0695460
0.3046834 -0.0695370
0.3127438 -0.0694947
0.3208612 -0.0694195
0.3290331 -0.0693120
0.3372571 -0.0691726
0.3455307 -0.0690017
0.3538513 -0.0687999
0.3622164 -0.0685678
0.3706235 -0.0683058
0.3790700 -0.0680147
0.3875534 -0.0676948
0.3960710 -0.0673470
0.4046203 -0.0669718
0.4131986 -0.0665698
0.4218034 -0.0661417
0.4304320 -0.0656882
0.4390819 -0.0652098
0.4477503 -0.0647074
0.4564347 -0.0641816
0.4651324 -0.0636331
0.4738407 -0.0630626
0.4825570 -0.0624708
0.4912787 -0.0618584
0.5000030 -0.0612261
0.5087274 -0.0605747
0.5174491 -0.0599048
0.5261654 -0.0592172
0.5348738 -0.0585127
0.5435716 -0.0577919
0.5522561 -0.0570555
0.5609248 -0.0563042
0.5695750 -0.0555388
0.5782041 -0.0547599
0.5868094 -0.0539683
0.5953883 -0.0531646
0.6039382 -0.0523495
0.6124565 -0.0515238
0.6209406 -0.0506879
0.6293879 -0.0498428
0.6377959 -0.0489889
0.6461619 -0.0481269
0.6544835 -0.0472576
0.6627581 -0.0463815
0.6709832 -0.0454992
0.6791562 -0.0446115
0.6872747 -0.0437188
0.6953363 -0.0428219
0.7033384 -0.0419214
0.7112786 -0.0410178
0.7191545 -0.0401118
0.7269637 -0.0392039
0.7347039 -0.0382947
0.7423726 -0.0373849
0.7499675 -0.0364749
0.7574863 -0.0355654
0.7649268 -0.0346570
0.7722866 -0.0337502
0.7795635 -0.0328455
0.7867553 -0.0319436
0.7938598 -0.0310449
0.8008748 -0.0301501
0.8077983 -0.0292597
0.8146280 -0.0283742
0.8213619 -0.0274942
0.8279979 -0.0266203
0.8345341 -0.0257529
0.8409684 -0.0248926
0.8472989 -0.0240400
0.8535236 -0.0231956
0.8596407 -0.0223598
0.8656482 -0.0215334
0.8715444 -0.0207167
0.8773274 -0.0199103
0.8829956 -0.0191148
0.8885470 -0.0183306
0.8939801 -0.0175583
0.8992933 -0.0167983
0.9044848 -0.0160513
0.9095531 -0.0153177
0.9144967 -0.0145981
0.9193140 -0.0138928
0.9240036 -0.0132025
0.9285640 -0.0125275
0.9329939 -0.0118685
0.9372919 -0.0112258
0.9414567 -0.0105999
0.9454870 -0.0099914
0.9493815 -0.0094006
0.9531392 -0.0088280
0.9567589 -0.0082740
0.9602394 -0.0077391
0.9635797 -0.0072236
0.9667787 -0.0067280
0.9698355 -0.0062527
0.9727492 -0.0057980
0.9755189 -0.0053644
0.9781437 -0.0049520
0.9806228 -0.0045614
0.9829555 -0.0041927
0.9851410 -0.0038464
0.9871787 -0.0035227
0.9890680 -0.0032218
0.9908083 -0.0029441
0.9923990 -0.0026897
0.9938397 -0.0024589
0.9951300 -0.0022518
0.9962693 -0.0020687
0.9972575 -0.0019096
0.9980941 -0.0017749
0.9987790 -0.0016644
0.9993119 -0.0015784
0.9996927 -0.0015169
0.9999212 -0.0014800
0.9999973 -0.0014677
