AIRFOIL_LNY
1.0002610 0.0016851
1.0001870 0.0017112
0.9999651 0.0017894
0.9995954 0.0019198
0.9990778 0.0021020
0.9984127 0.0023361
0.9976000 0.0026218
0.9966401 0.0029587
0.9955331 0.0033467
0.9942794 0.0037854
0.9928792 0.0042743
0.9913329 0.0048131
0.9896408 0.0054012
0.9878035 0.0060381
0.9858214 0.0067233
0.9836949 0.0074562
0.9814246 0.0082360
0.9790111 0.0090621
0.9764550 0.0099338
0.9737569 0.0108503
0.9709175 0.0118108
0.9679376 0.0128145
0.9648178 0.0138605
0.9615591 0.0149479
0.9581622 0.0160757
0.9546281 0.0172430
0.9509575 0.0184489
0.9471516 0.0196922
0.9432113 0.0209719
0.9391376 0.0222870
0.9349315 0.0236363
0.9305943 0.0250188
0.9261270 0.0264333
0.9215309 0.0278786
0.9168071 0.0293535
0.9119570 0.0308570
0.9069817 0.0323876
0.9018828 0.0339443
0.8966614 0.0355258
0.8913192 0.0371307
0.8858574 0.0387580
0.8802777 0.0404062
0.8745815 0.0420741
0.8687704 0.0437604
0.8628461 0.0454638
0.8568101 0.0471830
0.8506641 0.0489166
0.8444099 0.0506634
0.8380492 0.0524221
0.8315837 0.0541912
0.8250154 0.0559695
0.8183461 0.0577557
0.8115776 0.0595484
0.8047119 0.0613463
0.7977509 0.0631481
0.7906967 0.0649524
0.7835512 0.0667579
0.7763166 0.0685633
0.7689949 0.0703673
0.7615882 0.0721685
0.7540987 0.0739656
0.7465286 0.0757574
0.7388801 0.0775425
0.7311554 0.0793196
0.7233568 0.0810874
0.7154866 0.0828446
0.7075471 0.0845900
0.6995407 0.0863223
0.6914698 0.0880401
0.6833367 0.0897423
0.6751440 0.0914275
0.6668940 0.0930946
0.6585893 0.0947423
0.6502323 0.0963693
0.6418257 0.0979745
0.6333718 0.0995566
0.6248733 0.1011144
0.6163329 0.1026467
0.6077530 0.1041525
0.5991364 0.1056304
0.5904857 0.1070793
0.5818036 0.1084981
0.5730927 0.1098858
0.5643557 0.1112410
0.5555955 0.1125629
0.5468146 0.1138502
0.5380159 0.1151020
0.5292021 0.1163172
0.5203760 0.1174947
0.5115403 0.1186337
0.5026979 0.1197330
0.4938517 0.1207917
0.4850042 0.1218089
0.4761586 0.1227838
0.4673174 0.1237153
0.4584836 0.1246027
0.4496601 0.1254451
0.4408496 0.1262417
0.4320550 0.1269918
0.4232792 0.1276945
0.4145249 0.1283493
0.4057952 0.1289555
0.3970927 0.1295123
0.3884204 0.1300192
0.3797811 0.1304757
0.3711775 0.1308812
0.3626127 0.1312353
0.3540893 0.1315374
0.3456101 0.1317873
0.3370724 0.1319831
0.3282538 0.1320914
0.3194894 0.1320988
0.3107830 0.1320060
0.3021380 0.1318139
0.2935581 0.1315233
0.2850467 0.1311355
0.2766075 0.1306516
0.2682438 0.1300727
0.2599592 0.1294004
0.2517569 0.1286361
0.2436405 0.1277813
0.2356131 0.1268378
0.2276782 0.1258073
0.2198388 0.1246917
0.2120981 0.1234929
0.2044593 0.1222130
0.1969253 0.1208541
0.1894993 0.1194182
0.1821840 0.1179079
0.1749822 0.1163252
0.1678969 0.1146727
0.1609307 0.1129528
0.1540861 0.1111680
0.1473658 0.1093209
0.1407722 0.1074141
0.1343077 0.1054501
0.1279746 0.1034318
0.1217751 0.1013619
0.1157114 0.0992430
0.1097855 0.0970780
0.1039995 0.0948696
0.0983551 0.0926207
0.0928543 0.0903341
0.0874987 0.0880125
0.0822899 0.0856588
0.0772296 0.0832758
0.0723192 0.0808663
0.0675601 0.0784330
0.0629535 0.0759787
0.0585008 0.0735062
0.0542030 0.0710181
0.0500613 0.0685171
0.0460765 0.0660057
0.0422497 0.0634866
0.0385815 0.0609623
0.0350729 0.0584352
0.0317244 0.0559078
0.0285367 0.0533823
0.0255103 0.0508611
0.0226456 0.0483464
0.0199431 0.0458402
0.0174031 0.0433447
0.0150258 0.0408618
0.0128115 0.0383934
0.0107602 0.0359412
0.0088721 0.0335070
0.0071471 0.0310924
0.0055852 0.0286989
0.0041863 0.0263279
0.0029502 0.0239807
0.0018768 0.0216585
0.0009657 0.0193624
0.0002166 0.0170935
-0.0003709 0.0148525
-0.0007972 0.0126403
-0.0010628 0.0104574
-0.0011681 0.0083046
-0.0011139 0.0061822
-0.0009006 0.0040905
-0.0005291 0.0020297
0.0000000 0.0000000
0.0006814 -0.0019838
0.0015098 -0.0039068
0.0024843 -0.0057692
0.0036041 -0.0075711
0.0048681 -0.0093127
0.0062753 -0.0109943
0.0078248 -0.0126162
0.0095154 -0.0141786
0.0113460 -0.0156820
0.0133155 -0.0171266
0.0154226 -0.0185130
0.0176661 -0.0198416
0.0200447 -0.0211129
0.0225572 -0.0223274
0.0252021 -0.0234857
0.0279781 -0.0245883
0.0308838 -0.0256359
0.0339176 -0.0266291
0.0370783 -0.0275687
0.0403642 -0.0284553
0.0437739 -0.0292898
0.0473059 -0.0300728
0.0509584 -0.0308053
0.0547301 -0.0314880
0.0586193 -0.0321219
0.0626244 -0.0327078
0.0667438 -0.0332467
0.0709759 -0.0337396
0.0753190 -0.0341875
0.0797716 -0.0345914
0.0843319 -0.0349524
0.0889984 -0.0352715
0.0937694 -0.0355500
0.0986432 -0.0357888
0.1036184 -0.0359893
0.1086931 -0.0361527
0.1138658 -0.0362801
0.1191350 -0.0363729
0.1244989 -0.0364323
0.1299561 -0.0364596
0.1355049 -0.0364562
0.1411438 -0.0364236
0.1468712 -0.0363630
0.1526856 -0.0362758
0.1585856 -0.0361637
0.1645695 -0.0360279
0.1706359 -0.0358701
0.1767833 -0.0356917
0.1830103 -0.0354943
0.1893155 -0.0352794
0.1956974 -0.0350486
0.2021546 -0.0348035
0.2086857 -0.0345458
0.2152894 -0.0342770
0.2219643 -0.0339988
0.2287090 -0.0337130
0.2355222 -0.0334210
0.2424026 -0.0331247
0.2493488 -0.0328258
0.2563595 -0.0325259
0.2634334 -0.0322267
0.2705693 -0.0319300
0.2777657 -0.0316375
0.2850214 -0.0313508
0.2923350 -0.0310718
0.2997053 -0.0308021
0.3071309 -0.0305435
0.3146104 -0.0302975
0.3221426 -0.0300660
0.3297261 -0.0298506
0.3373594 -0.0296529
0.3453729 -0.0294628
0.3535390 -0.0292537
0.3617500 -0.0290252
0.3700034 -0.0287783
0.3782970 -0.0285137
0.3866286 -0.0282325
0.3949956 -0.0279355
0.4033958 -0.0276236
0.4118269 -0.0272977
0.4202864 -0.0269587
0.4287719 -0.0266074
0.4372811 -0.0262447
0.4458115 -0.0258715
0.4543606 -0.0254887
0.4629261 -0.0250970
0.4715055 -0.0246973
0.4800963 -0.0242904
0.4886959 -0.0238771
0.4973021 -0.0234582
0.5059121 -0.0230344
0.5145235 -0.0226065
0.5231339 -0.0221751
0.5317406 -0.0217410
0.5403412 -0.0213049
0.5489330 -0.0208673
0.5575136 -0.0204289
0.5660804 -0.0199904
0.5746309 -0.0195522
0.5831624 -0.0191149
0.5916726 -0.0186791
0.6001586 -0.0182452
0.6086182 -0.0178138
0.6170485 -0.0173852
0.6254472 -0.0169598
0.6338117 -0.0165382
0.6421394 -0.0161205
0.6504277 -0.0157073
0.6586741 -0.0152987
0.6668761 -0.0148951
0.6750312 -0.0144967
0.6831368 -0.0141039
0.6911904 -0.0137167
0.6991896 -0.0133355
0.7071317 -0.0129603
0.7150144 -0.0125913
0.7228351 -0.0122288
0.7305915 -0.0118727
0.7382810 -0.0115232
0.7459013 -0.0111804
0.7534499 -0.0108442
0.7609244 -0.0105149
0.7683224 -0.0101924
0.7756417 -0.0098767
0.7828798 -0.0095679
0.7900343 -0.0092658
0.7971032 -0.0089706
0.8040839 -0.0086822
0.8109743 -0.0084006
0.8177722 -0.0081257
0.8244753 -0.0078574
0.8310814 -0.0075958
0.8375885 -0.0073407
0.8439943 -0.0070922
0.8502967 -0.0068500
0.8564937 -0.0066142
0.8625833 -0.0063847
0.8685633 -0.0061614
0.8744319 -0.0059443
0.8801870 -0.0057332
0.8858268 -0.0055280
0.8913493 -0.0053288
0.8967528 -0.0051355
0.9020353 -0.0049479
0.9071951 -0.0047660
0.9122305 -0.0045897
0.9171397 -0.0044190
0.9219211 -0.0042539
0.9265730 -0.0040941
0.9310939 -0.0039398
0.9354821 -0.0037909
0.9397363 -0.0036472
0.9438549 -0.0035088
0.9478365 -0.0033756
0.9516797 -0.0032476
0.9553832 -0.0031247
0.9589458 -0.0030070
0.9623660 -0.0028944
0.9656429 -0.0027869
0.9687751 -0.0026844
0.9717617 -0.0025869
0.9746015 -0.0024945
0.9772936 -0.0024071
0.9798371 -0.0023247
0.9822309 -0.0022473
0.9844743 -0.0021748
0.9865665 -0.0021074
0.9885068 -0.0020450
0.9902943 -0.0019875
0.9919286 -0.0019351
0.9934090 -0.0018876
0.9947350 -0.0018451
0.9959061 -0.0018076
0.9969219 -0.0017751
0.9977820 -0.0017476
0.9984862 -0.0017251
0.9990342 -0.0017076
0.9994257 -0.0016951
0.9996607 -0.0016876
0.9997390 -0.0016851
