AIRFOIL_LNY
1.0000603 0.0007967
0.9999846 0.0008092
0.9997577 0.0008467
0.9993796 0.0009093
0.9988503 0.0009967
0.9981702 0.0011090
0.9973393 0.0012461
0.9963579 0.0014078
0.9952262 0.0015940
0.9939447 0.0018045
0.9925137 0.0020391
0.9909337 0.0022977
0.9892050 0.0025800
0.9873281 0.0028858
0.9853037 0.0032148
0.9831324 0.0035667
0.9808147 0.0039412
0.9783514 0.0043380
0.9757431 0.0047567
0.9729907 0.0051970
0.9700949 0.0056586
0.9670566 0.0061410
0.9638767 0.0066438
0.9605562 0.0071666
0.9570959 0.0077090
0.9534970 0.0082704
0.9497605 0.0088506
0.9458875 0.0094489
0.9418791 0.0100649
0.9377365 0.0106981
0.9334610 0.0113480
0.9290539 0.0120141
0.9245163 0.0126957
0.9198497 0.0133925
0.9150555 0.0141038
0.9101351 0.0148291
0.9050898 0.0155678
0.8999214 0.0163194
0.8946312 0.0170833
0.8892209 0.0178588
0.8836920 0.0186455
0.8780462 0.0194427
0.8722853 0.0202498
0.8664108 0.0210662
0.8604247 0.0218913
0.8543286 0.0227246
0.8481243 0.0235653
0.8418139 0.0244130
0.8353990 0.0252669
0.8288817 0.0261265
0.8222639 0.0269912
0.8155476 0.0278603
0.8087349 0.0287332
0.8018276 0.0296093
0.7948281 0.0304881
0.7877382 0.0313688
0.7805602 0.0322508
0.7732963 0.0331337
0.7659486 0.0340166
0.7585193 0.0348991
0.7510107 0.0357805
0.7434250 0.0366603
0.7357646 0.0375377
0.7280318 0.0384123
0.7202288 0.0392833
0.7123581 0.0401503
0.7044220 0.0410125
0.6964230 0.0418695
0.6883634 0.0427206
0.6802457 0.0435652
0.6720724 0.0444028
0.6638459 0.0452328
0.6555688 0.0460545
0.6472435 0.0468675
0.6388726 0.0476710
0.6304587 0.0484647
0.6220043 0.0492479
0.6135119 0.0500200
0.6049842 0.0507806
0.5964237 0.0515290
0.5878332 0.0522647
0.5792151 0.0529871
0.5705721 0.0536958
0.5619069 0.0543902
0.5532221 0.0550698
0.5445204 0.0557341
0.5358044 0.0563826
0.5270768 0.0570147
0.5183403 0.0576300
0.5095976 0.0582281
0.5008512 0.0588083
0.4921040 0.0593704
0.4833586 0.0599137
0.4746177 0.0604379
0.4658840 0.0609426
0.4571601 0.0614273
0.4484488 0.0618916
0.4397527 0.0623351
0.4310745 0.0627575
0.4224169 0.0631583
0.4137826 0.0635373
0.4051741 0.0638940
0.3965943 0.0642281
0.3880457 0.0645394
0.3795309 0.0648276
0.3710526 0.0650923
0.3626135 0.0653334
0.3542160 0.0655505
0.3458629 0.0657435
0.3375567 0.0659121
0.3293000 0.0660562
0.3210954 0.0661756
0.3129453 0.0662702
0.3048523 0.0663398
0.2968189 0.0663844
0.2888477 0.0664039
0.2809410 0.0663981
0.2731013 0.0663672
0.2653312 0.0663110
0.2576328 0.0662296
0.2500088 0.0661230
0.2422997 0.0659796
0.2346018 0.0657658
0.2269899 0.0654809
0.2194667 0.0651266
0.2120349 0.0647049
0.2046971 0.0642174
0.1974559 0.0636662
0.1903139 0.0630533
0.1832735 0.0623806
0.1763372 0.0616502
0.1695075 0.0608643
0.1627866 0.0600250
0.1561768 0.0591346
0.1496805 0.0581953
0.1432998 0.0572093
0.1370369 0.0561790
0.1308938 0.0551066
0.1248725 0.0539945
0.1189751 0.0528451
0.1132034 0.0516608
0.1075593 0.0504438
0.1020446 0.0491966
0.0966610 0.0479215
0.0914102 0.0466210
0.0862938 0.0452973
0.0813133 0.0439528
0.0764703 0.0425899
0.0717661 0.0412109
0.0672021 0.0398180
0.0627797 0.0384135
0.0585000 0.0369996
0.0543643 0.0355786
0.0503737 0.0341525
0.0465292 0.0327235
0.0428319 0.0312936
0.0392827 0.0298648
0.0358825 0.0284392
0.0326321 0.0270185
0.0295323 0.0256048
0.0265837 0.0241996
0.0237872 0.0228048
0.0211432 0.0214220
0.0186522 0.0200527
0.0163149 0.0186985
0.0141316 0.0173609
0.0121028 0.0160411
0.0102286 0.0147404
0.0085095 0.0134601
0.0069456 0.0122013
0.0055371 0.0109649
0.0042841 0.0097519
0.0031867 0.0085632
0.0022449 0.0073995
0.0014587 0.0062616
0.0008279 0.0051499
0.0003525 0.0040650
0.0000323 0.0030073
-0.0001330 0.0019771
-0.0001437 0.0009747
0.0000000 0.0000000
0.0002960 -0.0009397
0.0007422 -0.0018373
0.0013382 -0.0026929
0.0020834 -0.0035068
0.0029774 -0.0042791
0.0040194 -0.0050101
0.0052089 -0.0057001
0.0065452 -0.0063495
0.0080276 -0.0069587
0.0096552 -0.0075283
0.0114272 -0.0080588
0.0133429 -0.0085508
0.0154013 -0.0090049
0.0176015 -0.0094218
0.0199425 -0.0098024
0.0224234 -0.0101473
0.0250430 -0.0104575
0.0278003 -0.0107338
0.0306943 -0.0109772
0.0337236 -0.0111887
0.0368873 -0.0113693
0.0401841 -0.0115202
0.0436127 -0.0116424
0.0471718 -0.0117370
0.0508603 -0.0118054
0.0546767 -0.0118488
0.0586198 -0.0118683
0.0626881 -0.0118655
0.0668803 -0.0118415
0.0711949 -0.0117979
0.0756306 -0.0117360
0.0801858 -0.0116573
0.0848592 -0.0115633
0.0896491 -0.0114554
0.0945542 -0.0113353
0.0995728 -0.0112045
0.1047035 -0.0110646
0.1099446 -0.0109172
0.1152947 -0.0107640
0.1207521 -0.0106065
0.1263153 -0.0104466
0.1319827 -0.0102858
0.1377525 -0.0101258
0.1436233 -0.0099685
0.1495934 -0.0098154
0.1556611 -0.0096685
0.1618248 -0.0095293
0.1680828 -0.0093997
0.1744335 -0.0092813
0.1808752 -0.0091761
0.1874061 -0.0090856
0.1940246 -0.0090117
0.2007291 -0.0089562
0.2075176 -0.0089207
0.2143887 -0.0089070
0.2213404 -0.0089168
0.2283711 -0.0089519
0.2354789 -0.0090139
0.2426622 -0.0091045
0.2499912 -0.0092232
0.2575576 -0.0093392
0.2651973 -0.0094418
0.2729082 -0.0095313
0.2806879 -0.0096082
0.2885341 -0.0096726
0.2964444 -0.0097250
0.3044166 -0.0097656
0.3124481 -0.0097948
0.3205367 -0.0098130
0.3286798 -0.0098205
0.3368751 -0.0098177
0.3451201 -0.0098049
0.3534123 -0.0097826
0.3617492 -0.0097510
0.3701283 -0.0097107
0.3785472 -0.0096619
0.3870033 -0.0096051
0.3954940 -0.0095406
0.4040169 -0.0094689
0.4125692 -0.0093903
0.4211486 -0.0093052
0.4297524 -0.0092140
0.4383780 -0.0091170
0.4470227 -0.0090147
0.4556841 -0.0089074
0.4643595 -0.0087954
0.4730463 -0.0086792
0.4817419 -0.0085591
0.4904436 -0.0084353
0.4991488 -0.0083083
0.5078548 -0.0081784
0.5165592 -0.0080459
0.5252591 -0.0079111
0.5339520 -0.0077743
0.5426353 -0.0076359
0.5513063 -0.0074959
0.5599624 -0.0073549
0.5686010 -0.0072129
0.5772194 -0.0070703
0.5858150 -0.0069273
0.5943853 -0.0067841
0.6029275 -0.0066410
0.6114392 -0.0064980
0.6199176 -0.0063555
0.6283603 -0.0062136
0.6367647 -0.0060725
0.6451282 -0.0059323
0.6534482 -0.0057932
0.6617223 -0.0056553
0.6699478 -0.0055187
0.6781223 -0.0053836
0.6862432 -0.0052500
0.6943082 -0.0051181
0.7023146 -0.0049879
0.7102602 -0.0048596
0.7181423 -0.0047331
0.7259587 -0.0046086
0.7337069 -0.0044860
0.7413846 -0.0043655
0.7489893 -0.0042471
0.7565188 -0.0041308
0.7639707 -0.0040166
0.7713427 -0.0039046
0.7786327 -0.0037947
0.7858382 -0.0036870
0.7929572 -0.0035815
0.7999874 -0.0034781
0.8069266 -0.0033769
0.8137727 -0.0032778
0.8205237 -0.0031809
0.8271773 -0.0030862
0.8337316 -0.0029935
0.8401845 -0.0029030
0.8465340 -0.0028145
0.8527782 -0.0027281
0.8589151 -0.0026437
0.8649429 -0.0025614
0.8708595 -0.0024810
0.8766633 -0.0024027
0.8823525 -0.0023262
0.8879251 -0.0022518
0.8933796 -0.0021792
0.8987141 -0.0021086
0.9039271 -0.0020398
0.9090170 -0.0019729
0.9139821 -0.0019079
0.9188208 -0.0018447
0.9235318 -0.0017834
0.9281134 -0.0017238
0.9325644 -0.0016661
0.9368832 -0.0016103
0.9410685 -0.0015562
0.9451191 -0.0015039
0.9490336 -0.0014534
0.9528108 -0.0014048
0.9564495 -0.0013579
0.9599487 -0.0013129
0.9633071 -0.0012697
0.9665238 -0.0012283
0.9695977 -0.0011887
0.9725279 -0.0011510
0.9753134 -0.0011151
0.9779534 -0.0010811
0.9804470 -0.0010490
0.9827934 -0.0010187
0.9849920 -0.0009903
0.9870419 -0.0009638
0.9889426 -0.0009393
0.9906935 -0.0009166
0.9922940 -0.0008959
0.9937436 -0.0008771
0.9950418 -0.0008603
0.9961883 -0.0008454
0.9971826 -0.0008325
0.9980245 -0.0008216
0.9987137 -0.0008126
0.9992500 -0.0008057
0.9996331 -0.0008007
0.9998631 -0.0007977
0.9999397 -0.0007967
