AIRFOIL_LNY
1.0001030 0.0017989
1.0000277 0.0018185
0.9998018 0.0018773
0.9994254 0.0019753
0.9988987 0.0021123
0.9982216 0.0022883
0.9973945 0.0025030
0.9964176 0.0027563
0.9952911 0.0030479
0.9940153 0.0033776
0.9925906 0.0037450
0.9910175 0.0041498
0.9892962 0.0045917
0.9874274 0.0050701
0.9854115 0.0055848
0.9832490 0.0061351
0.9809407 0.0067206
0.9784871 0.0073408
0.9758889 0.0079951
0.9731469 0.0086829
0.9702618 0.0094036
0.9672345 0.0101566
0.9640657 0.0109411
0.9607564 0.0117565
0.9573074 0.0126021
0.9537199 0.0134771
0.9499948 0.0143808
0.9461331 0.0153123
0.9421359 0.0162710
0.9380044 0.0172560
0.9337398 0.0182664
0.9293432 0.0193014
0.9248160 0.0203601
0.9201594 0.0214418
0.9153747 0.0225454
0.9104633 0.0236701
0.9054267 0.0248149
0.9002662 0.0259790
0.8949834 0.0271615
0.8895798 0.0283613
0.8840569 0.0295776
0.8784164 0.0308094
0.8726599 0.0320557
0.8667890 0.0333156
0.8608055 0.0345881
0.8547112 0.0358723
0.8485077 0.0371672
0.8421969 0.0384718
0.8357807 0.0397851
0.8292609 0.0411061
0.8226395 0.0424340
0.8159183 0.0437676
0.8090995 0.0451061
0.8021850 0.0464483
0.7951768 0.0477935
0.7880770 0.0491405
0.7808877 0.0504884
0.7736112 0.0518362
0.7662494 0.0531829
0.7588047 0.0545275
0.7512792 0.0558692
0.7436752 0.0572067
0.7359950 0.0585393
0.7282408 0.0598659
0.7204150 0.0611856
0.7125200 0.0624973
0.7045582 0.0638000
0.6965318 0.0650929
0.6884434 0.0663749
0.6802955 0.0676450
0.6720904 0.0689024
0.6638306 0.0701458
0.6555187 0.0713746
0.6471573 0.0725875
0.6387487 0.0737837
0.6302957 0.0749622
0.6218008 0.0761221
0.6132665 0.0772623
0.6046956 0.0783819
0.5960907 0.0794799
0.5874543 0.0805554
0.5787892 0.0816074
0.5700980 0.0826349
0.5613834 0.0836371
0.5526481 0.0846129
0.5438948 0.0855615
0.5351262 0.0864818
0.5263451 0.0873731
0.5175542 0.0882343
0.5087562 0.0890645
0.4999558 0.0898630
0.4911551 0.0906291
0.4823557 0.0913620
0.4735602 0.0920608
0.4647715 0.0927247
0.4559924 0.0933528
0.4472255 0.0939444
0.4384736 0.0944986
0.4297395 0.0950146
0.4210260 0.0954918
0.4123358 0.0959293
0.4036717 0.0963265
0.3950363 0.0966826
0.3864325 0.0969971
0.3778630 0.0972692
0.3693304 0.0974984
0.3608376 0.0976840
0.3523872 0.0978256
0.3439818 0.0979226
0.3356243 0.0979746
0.3273172 0.0979811
0.3190632 0.0979416
0.3108649 0.0978559
0.3027250 0.0977235
0.2946460 0.0975442
0.2866305 0.0973177
0.2786812 0.0970439
0.2708005 0.0967224
0.2629909 0.0963533
0.2552550 0.0959364
0.2475952 0.0954717
0.2400140 0.0949591
0.2325137 0.0943988
0.2250968 0.0937907
0.2177657 0.0931351
0.2105227 0.0924321
0.2033700 0.0916820
0.1963100 0.0908850
0.1893449 0.0900414
0.1824769 0.0891516
0.1757082 0.0882160
0.1690409 0.0872350
0.1624771 0.0862092
0.1560190 0.0851390
0.1496684 0.0840250
0.1434275 0.0828678
0.1372982 0.0816682
0.1312823 0.0804266
0.1253818 0.0791440
0.1195985 0.0778210
0.1139342 0.0764584
0.1083906 0.0750570
0.1029695 0.0736177
0.0976725 0.0721413
0.0925013 0.0706287
0.0874573 0.0690808
0.0825422 0.0674986
0.0777575 0.0658831
0.0731045 0.0642351
0.0685848 0.0625556
0.0641995 0.0608457
0.0599501 0.0591064
0.0558378 0.0573386
0.0518638 0.0555433
0.0480294 0.0537215
0.0443355 0.0518743
0.0407833 0.0500027
0.0373738 0.0481076
0.0341080 0.0461899
0.0309868 0.0442507
0.0280112 0.0422910
0.0251819 0.0403116
0.0224997 0.0383134
0.0199654 0.0362973
0.0175797 0.0342643
0.0153432 0.0322151
0.0132565 0.0301506
0.0113202 0.0280714
0.0095348 0.0259784
0.0079008 0.0238723
0.0064185 0.0217537
0.0050883 0.0196233
0.0039106 0.0174816
0.0028856 0.0153292
0.0020136 0.0131666
0.0012947 0.0109943
0.0007290 0.0088127
0.0003167 0.0066222
0.0000578 0.0044230
-0.0000478 0.0022156
0.0000000 0.0000000
0.0002001 -0.0022070
0.0005514 -0.0043889
0.0010538 -0.0065454
0.0017069 -0.0086764
0.0025106 -0.0107815
0.0034645 -0.0128604
0.0045682 -0.0149130
0.0058213 -0.0169387
0.0072233 -0.0189374
0.0087737 -0.0209086
0.0104720 -0.0228519
0.0123176 -0.0247668
0.0143097 -0.0266531
0.0164478 -0.0285101
0.0187310 -0.0303375
0.0211586 -0.0321347
0.0237299 -0.0339012
0.0264438 -0.0356366
0.0292996 -0.0373402
0.0322962 -0.0390116
0.0354327 -0.0406503
0.0387081 -0.0422557
0.0421213 -0.0438272
0.0456712 -0.0453642
0.0493567 -0.0468664
0.0531766 -0.0483331
0.0571296 -0.0497637
0.0612146 -0.0511578
0.0654302 -0.0525149
0.0697751 -0.0538343
0.0742479 -0.0551157
0.0788474 -0.0563586
0.0835719 -0.0575625
0.0884202 -0.0587269
0.0933906 -0.0598514
0.0984817 -0.0609357
0.1036920 -0.0619794
0.1090197 -0.0629821
0.1144634 -0.0639435
0.1200213 -0.0648633
0.1256919 -0.0657412
0.1314734 -0.0665771
0.1373640 -0.0673707
0.1433620 -0.0681218
0.1494657 -0.0688304
0.1556732 -0.0694964
0.1619827 -0.0701196
0.1683922 -0.0707002
0.1749001 -0.0712380
0.1815042 -0.0717332
0.1882027 -0.0721858
0.1949936 -0.0725960
0.2018750 -0.0729640
0.2088447 -0.0732900
0.2159009 -0.0735742
0.2230414 -0.0738169
0.2302641 -0.0740185
0.2375670 -0.0741793
0.2449480 -0.0742997
0.2524048 -0.0743802
0.2599354 -0.0744212
0.2675375 -0.0744232
0.2752090 -0.0743868
0.2829477 -0.0743126
0.2907512 -0.0742011
0.2986174 -0.0740530
0.3065439 -0.0738690
0.3145285 -0.0736497
0.3225689 -0.0733959
0.3306627 -0.0731083
0.3388076 -0.0727876
0.3470012 -0.0724347
0.3552411 -0.0720503
0.3635251 -0.0716354
0.3718505 -0.0711906
0.3802151 -0.0707169
0.3886164 -0.0702152
0.3970520 -0.0696862
0.4055193 -0.0691310
0.4140160 -0.0685503
0.4225395 -0.0679452
0.4310874 -0.0673164
0.4396571 -0.0666650
0.4482461 -0.0659918
0.4568519 -0.0652978
0.4654720 -0.0645838
0.4741038 -0.0638507
0.4827448 -0.0630996
0.4913925 -0.0623312
0.5000442 -0.0615464
0.5086962 -0.0607462
0.5173453 -0.0599318
0.5259908 -0.0591040
0.5346302 -0.0582636
0.5432610 -0.0574117
0.5518804 -0.0565488
0.5604860 -0.0556760
0.5690751 -0.0547940
0.5776453 -0.0539035
0.5861939 -0.0530054
0.5947183 -0.0521003
0.6032161 -0.0511892
0.6116845 -0.0502725
0.6201211 -0.0493512
0.6285233 -0.0484258
0.6368886 -0.0474971
0.6452145 -0.0465656
0.6534983 -0.0456321
0.6617375 -0.0446971
0.6699298 -0.0437613
0.6780725 -0.0428252
0.6861631 -0.0418895
0.6941993 -0.0409546
0.7021785 -0.0400212
0.7100982 -0.0390897
0.7179561 -0.0381608
0.7257497 -0.0372348
0.7334766 -0.0363123
0.7411344 -0.0353937
0.7487208 -0.0344796
0.7562334 -0.0335703
0.7636699 -0.0326664
0.7710279 -0.0317683
0.7783052 -0.0308763
0.7854994 -0.0299909
0.7926085 -0.0291126
0.7996301 -0.0282417
0.8065620 -0.0273786
0.8134021 -0.0265237
0.8201482 -0.0256774
0.8267981 -0.0248401
0.8333499 -0.0240121
0.8398015 -0.0231939
0.8461507 -0.0223857
0.8523956 -0.0215880
0.8585343 -0.0208011
0.8645647 -0.0200254
0.8704849 -0.0192612
0.8762932 -0.0185089
0.8819875 -0.0177688
0.8875662 -0.0170413
0.8930274 -0.0163267
0.8983693 -0.0156254
0.9035903 -0.0149377
0.9086888 -0.0142640
0.9136629 -0.0136046
0.9185112 -0.0129598
0.9232321 -0.0123300
0.9278241 -0.0117155
0.9322856 -0.0111166
0.9366153 -0.0105337
0.9408117 -0.0099670
0.9448735 -0.0094170
0.9487993 -0.0088838
0.9525879 -0.0083679
0.9562380 -0.0078695
0.9597485 -0.0073888
0.9631182 -0.0069263
0.9663460 -0.0064822
0.9694308 -0.0060567
0.9723716 -0.0056502
0.9751676 -0.0052628
0.9778176 -0.0048949
0.9803210 -0.0045466
0.9826768 -0.0042182
0.9848843 -0.0039100
0.9869427 -0.0036220
0.9888514 -0.0033546
0.9906097 -0.0031079
0.9922171 -0.0028821
0.9936730 -0.0026772
0.9949770 -0.0024936
0.9961286 -0.0023312
0.9971274 -0.0021903
0.9979731 -0.0020709
0.9986654 -0.0019730
0.9992041 -0.0018969
0.9995890 -0.0018424
0.9998200 -0.0018098
0.9998970 -0.0017989
