AIRFOIL_LNY
1.0001592 0.0010228
1.0000843 0.0010434
0.9998599 0.0011049
0.9994859 0.0012074
0.9989624 0.0013509
0.9982896 0.0015350
0.9974677 0.0017597
0.9964968 0.0020248
0.9953773 0.0023299
0.9941095 0.0026749
0.9926936 0.0030594
0.9911301 0.0034830
0.9894194 0.0039454
0.9875619 0.0044460
0.9855582 0.0049845
0.9834088 0.0055603
0.9811143 0.0061730
0.9786753 0.0068218
0.9760925 0.0075063
0.9733666 0.0082258
0.9704983 0.0089797
0.9674884 0.0097672
0.9643377 0.0105876
0.9610472 0.0114402
0.9576176 0.0123243
0.9540500 0.0132390
0.9503454 0.0141834
0.9465047 0.0151569
0.9425291 0.0161584
0.9384196 0.0171871
0.9341773 0.0182421
0.9298036 0.0193225
0.9252995 0.0204273
0.9206664 0.0215556
0.9159056 0.0227063
0.9110183 0.0238785
0.9060060 0.0250712
0.9008701 0.0262833
0.8956121 0.0275139
0.8902334 0.0287618
0.8847355 0.0300261
0.8791201 0.0313056
0.8733887 0.0325993
0.8675430 0.0339062
0.8615847 0.0352250
0.8555154 0.0365549
0.8493370 0.0378945
0.8430511 0.0392430
0.8366597 0.0405991
0.8301646 0.0419618
0.8235676 0.0433299
0.8168707 0.0447024
0.8100758 0.0460782
0.8031849 0.0474562
0.7962001 0.0488353
0.7891233 0.0502143
0.7819567 0.0515923
0.7747023 0.0529681
0.7673624 0.0543406
0.7599390 0.0557088
0.7524345 0.0570717
0.7448509 0.0584280
0.7371905 0.0597769
0.7294557 0.0611172
0.7216487 0.0624480
0.7137719 0.0637681
0.7058276 0.0650766
0.6978182 0.0663724
0.6897462 0.0676547
0.6816138 0.0689223
0.6734237 0.0701743
0.6651782 0.0714097
0.6568798 0.0726277
0.6485312 0.0738272
0.6401347 0.0750073
0.6316930 0.0761671
0.6232086 0.0773058
0.6146841 0.0784223
0.6061222 0.0795160
0.5975254 0.0805859
0.5888963 0.0816311
0.5802378 0.0826510
0.5715523 0.0836446
0.5628426 0.0846112
0.5541113 0.0855500
0.5453613 0.0864603
0.5365951 0.0873413
0.5278156 0.0881925
0.5190254 0.0890130
0.5102273 0.0898022
0.5014240 0.0905595
0.4926183 0.0912843
0.4838130 0.0919759
0.4750108 0.0926339
0.4662145 0.0932577
0.4574269 0.0938467
0.4486507 0.0944005
0.4398887 0.0949186
0.4311437 0.0954006
0.4224185 0.0958462
0.4137158 0.0962548
0.4050384 0.0966262
0.3963891 0.0969600
0.3877706 0.0972561
0.3791857 0.0975141
0.3706372 0.0977338
0.3620214 0.0979098
0.3533544 0.0980154
0.3447319 0.0980470
0.3361571 0.0980050
0.3276329 0.0978902
0.3191625 0.0977031
0.3107488 0.0974446
0.3023950 0.0971154
0.2941039 0.0967164
0.2858786 0.0962487
0.2777220 0.0957132
0.2696371 0.0951112
0.2616267 0.0944438
0.2536938 0.0937123
0.2458411 0.0929179
0.2380715 0.0920622
0.2303878 0.0911465
0.2227926 0.0901724
0.2152887 0.0891414
0.2078788 0.0880552
0.2005654 0.0869156
0.1933511 0.0857241
0.1862384 0.0844827
0.1792299 0.0831931
0.1723279 0.0818573
0.1655347 0.0804771
0.1588528 0.0790546
0.1522844 0.0775917
0.1458318 0.0760904
0.1394969 0.0745528
0.1332821 0.0729809
0.1271893 0.0713769
0.1212205 0.0697429
0.1153776 0.0680811
0.1096626 0.0663934
0.1040772 0.0646822
0.0986232 0.0629495
0.0933022 0.0611975
0.0881160 0.0594283
0.0830661 0.0576442
0.0781539 0.0558472
0.0733810 0.0540394
0.0687487 0.0522230
0.0642583 0.0504000
0.0599112 0.0485724
0.0557085 0.0467424
0.0516514 0.0449119
0.0477409 0.0430829
0.0439782 0.0412573
0.0403640 0.0394370
0.0368994 0.0376238
0.0335853 0.0358195
0.0304223 0.0340259
0.0274113 0.0322446
0.0245529 0.0304773
0.0218477 0.0287257
0.0192963 0.0269911
0.0168992 0.0252750
0.0146569 0.0235789
0.0125698 0.0219040
0.0106382 0.0202517
0.0088624 0.0186230
0.0072427 0.0170191
0.0057792 0.0154410
0.0044721 0.0138897
0.0033216 0.0123661
0.0023276 0.0108708
0.0014901 0.0094047
0.0008091 0.0079684
0.0002844 0.0065623
-0.0000840 0.0051871
-0.0002963 0.0038430
-0.0003529 0.0025303
-0.0002540 0.0012493
0.0000000 0.0000000
0.0004063 -0.0012083
0.0009621 -0.0023667
0.0016668 -0.0034750
0.0025199 -0.0045335
0.0035209 -0.0055423
0.0046690 -0.0065015
0.0059638 -0.0074116
0.0074044 -0.0082726
0.0089901 -0.0090849
0.0107201 -0.0098489
0.0125936 -0.0105649
0.0146097 -0.0112334
0.0167675 -0.0118549
0.0190661 -0.0124299
0.0215044 -0.0129588
0.0240814 -0.0134423
0.0267960 -0.0138811
0.0296472 -0.0142757
0.0326337 -0.0146268
0.0357545 -0.0149352
0.0390083 -0.0152017
0.0423938 -0.0154269
0.0459099 -0.0156119
0.0495551 -0.0157573
0.0533282 -0.0158642
0.0572278 -0.0159335
0.0612525 -0.0159660
0.0654010 -0.0159629
0.0696718 -0.0159251
0.0740634 -0.0158537
0.0785744 -0.0157498
0.0832032 -0.0156145
0.0879485 -0.0154489
0.0928085 -0.0152542
0.0977819 -0.0150317
0.1028670 -0.0147824
0.1080622 -0.0145078
0.1133661 -0.0142090
0.1187768 -0.0138874
0.1242929 -0.0135442
0.1299128 -0.0131809
0.1356347 -0.0127987
0.1414570 -0.0123991
0.1473781 -0.0119835
0.1533963 -0.0115532
0.1595099 -0.0111098
0.1657172 -0.0106546
0.1720166 -0.0101892
0.1784062 -0.0097149
0.1848845 -0.0092334
0.1914497 -0.0087460
0.1981001 -0.0082543
0.2048339 -0.0077598
0.2116494 -0.0072640
0.2185448 -0.0067685
0.2255184 -0.0062746
0.2325683 -0.0057841
0.2396930 -0.0052983
0.2468904 -0.0048188
0.2541589 -0.0043471
0.2614966 -0.0038847
0.2689017 -0.0034331
0.2763724 -0.0029938
0.2839068 -0.0025682
0.2915031 -0.0021578
0.2991594 -0.0017640
0.3068739 -0.0013882
0.3146446 -0.0010319
0.3224695 -0.0006964
0.3303469 -0.0003830
0.3382748 -0.0000931
0.3462511 0.0001721
0.3542739 0.0004112
0.3623412 0.0006231
0.3705438 0.0008101
0.3788924 0.0009960
0.3872783 0.0011847
0.3956992 0.0013756
0.4041526 0.0015681
0.4126360 0.0017615
0.4211471 0.0019552
0.4296832 0.0021487
0.4382420 0.0023413
0.4468209 0.0025325
0.4554174 0.0027217
0.4640290 0.0029085
0.4726532 0.0030922
0.4812875 0.0032724
0.4899293 0.0034487
0.4985760 0.0036204
0.5072252 0.0037873
0.5158741 0.0039489
0.5245204 0.0041048
0.5331614 0.0042546
0.5417945 0.0043980
0.5504171 0.0045347
0.5590268 0.0046643
0.5676208 0.0047866
0.5761967 0.0049013
0.5847518 0.0050083
0.5932836 0.0051072
0.6017895 0.0051980
0.6102669 0.0052804
0.6187133 0.0053544
0.6271261 0.0054199
0.6355027 0.0054767
0.6438405 0.0055248
0.6521372 0.0055641
0.6603900 0.0055948
0.6685965 0.0056167
0.6767541 0.0056299
0.6848604 0.0056345
0.6929129 0.0056305
0.7009090 0.0056181
0.7088464 0.0055973
0.7167224 0.0055683
0.7245348 0.0055313
0.7322810 0.0054864
0.7399588 0.0054338
0.7475655 0.0053737
0.7550990 0.0053064
0.7625569 0.0052320
0.7699367 0.0051508
0.7772362 0.0050631
0.7844532 0.0049691
0.7915852 0.0048692
0.7986301 0.0047635
0.8055857 0.0046525
0.8124497 0.0045363
0.8192200 0.0044154
0.8258945 0.0042901
0.8324709 0.0041606
0.8389472 0.0040273
0.8453214 0.0038905
0.8515913 0.0037506
0.8577551 0.0036079
0.8638107 0.0034628
0.8697561 0.0033155
0.8755895 0.0031664
0.8813089 0.0030158
0.8869126 0.0028642
0.8923987 0.0027117
0.8977654 0.0025588
0.9030110 0.0024057
0.9081337 0.0022529
0.9131320 0.0021005
0.9180042 0.0019489
0.9227486 0.0017984
0.9273637 0.0016494
0.9318481 0.0015020
0.9362001 0.0013567
0.9404185 0.0012136
0.9445018 0.0010730
0.9484487 0.0009352
0.9522578 0.0008005
0.9559278 0.0006691
0.9594577 0.0005412
0.9628461 0.0004170
0.9660921 0.0002969
0.9691944 0.0001809
0.9721520 0.0000693
0.9749640 -0.0000378
0.9776294 -0.0001400
0.9801474 -0.0002374
0.9825170 -0.0003296
0.9847375 -0.0004167
0.9868081 -0.0004983
0.9887282 -0.0005744
0.9904971 -0.0006449
0.9921142 -0.0007096
0.9935789 -0.0007685
0.9948907 -0.0008215
0.9960493 -0.0008684
0.9970542 -0.0009091
0.9979051 -0.0009438
0.9986016 -0.0009722
0.9991437 -0.0009943
0.9995309 -0.0010102
0.9997634 -0.0010197
0.9998408 -0.0010228
