AIRFOIL_LNY
1.0002432 0.0017201
1.0001691 0.0017455
0.9999467 0.0018215
0.9995762 0.0019482
0.9990577 0.0021254
0.9983912 0.0023529
0.9975769 0.0026305
0.9966151 0.0029581
0.9955059 0.0033352
0.9942497 0.0037616
0.9928468 0.0042369
0.9912975 0.0047606
0.9896023 0.0053323
0.9877615 0.0059514
0.9857756 0.0066175
0.9836451 0.0073299
0.9813707 0.0080880
0.9789528 0.0088911
0.9763920 0.0097386
0.9736892 0.0106297
0.9708448 0.0115636
0.9678597 0.0125395
0.9647347 0.0135565
0.9614706 0.0146139
0.9580681 0.0157106
0.9545283 0.0168458
0.9508520 0.0180185
0.9470402 0.0192278
0.9430940 0.0204725
0.9390142 0.0217517
0.9348022 0.0230643
0.9304589 0.0244093
0.9259855 0.0257855
0.9213833 0.0271918
0.9166534 0.0286271
0.9117972 0.0300903
0.9068160 0.0315800
0.9017110 0.0330953
0.8964838 0.0346349
0.8911358 0.0361975
0.8856684 0.0377820
0.8800831 0.0393872
0.8743815 0.0410117
0.8685651 0.0426544
0.8626356 0.0443140
0.8565947 0.0459893
0.8504439 0.0476789
0.8441852 0.0493817
0.8378201 0.0510963
0.8313506 0.0528214
0.8247784 0.0545559
0.8181054 0.0562984
0.8113336 0.0580476
0.8044648 0.0598023
0.7975010 0.0615612
0.7904443 0.0633230
0.7832967 0.0650864
0.7760602 0.0668502
0.7687369 0.0686130
0.7613291 0.0703737
0.7538387 0.0721309
0.7462681 0.0738834
0.7386195 0.0756299
0.7308950 0.0773692
0.7230970 0.0791000
0.7152278 0.0808210
0.7072897 0.0825311
0.6992851 0.0842289
0.6912163 0.0859133
0.6830858 0.0875830
0.6748960 0.0892369
0.6666494 0.0908736
0.6583485 0.0924919
0.6499956 0.0940908
0.6415935 0.0956689
0.6331446 0.0972252
0.6246515 0.0987583
0.6161168 0.1002673
0.6075431 0.1017508
0.5989331 0.1032078
0.5902893 0.1046371
0.5816144 0.1060376
0.5729112 0.1074082
0.5641823 0.1087478
0.5554304 0.1100553
0.5466583 0.1113296
0.5378687 0.1125697
0.5290643 0.1137745
0.5202479 0.1149431
0.5114223 0.1160744
0.5025903 0.1171673
0.4937546 0.1182211
0.4849181 0.1192347
0.4760836 0.1202072
0.4672538 0.1211377
0.4584317 0.1220253
0.4496199 0.1228692
0.4408215 0.1236686
0.4320391 0.1244227
0.4232756 0.1251306
0.4145338 0.1257918
0.4058166 0.1264055
0.3971268 0.1269710
0.3884673 0.1274877
0.3798407 0.1279550
0.3712501 0.1283723
0.3626980 0.1287392
0.3541875 0.1290551
0.3457212 0.1293197
0.3373019 0.1295324
0.3287574 0.1296892
0.3200059 0.1297551
0.3113118 0.1297223
0.3026789 0.1295915
0.2941105 0.1293636
0.2856102 0.1290395
0.2771816 0.1286204
0.2688280 0.1281074
0.2605528 0.1275017
0.2523595 0.1268049
0.2442514 0.1260183
0.2362318 0.1251435
0.2283039 0.1241822
0.2204709 0.1231362
0.2127360 0.1220072
0.2051023 0.1207972
0.1975728 0.1195083
0.1901504 0.1181424
0.1828380 0.1167018
0.1756386 0.1151886
0.1685548 0.1136052
0.1615893 0.1119538
0.1547448 0.1102370
0.1480238 0.1084571
0.1414288 0.1066166
0.1349622 0.1047182
0.1286262 0.1027644
0.1224232 0.1007577
0.1163552 0.0987009
0.1104243 0.0965967
0.1046326 0.0944476
0.0989819 0.0922565
0.0934740 0.0900261
0.0881107 0.0877590
0.0828936 0.0854581
0.0778243 0.0831259
0.0729043 0.0807653
0.0681350 0.0783789
0.0635177 0.0759694
0.0590536 0.0735394
0.0547439 0.0710916
0.0505896 0.0686286
0.0465919 0.0661528
0.0427515 0.0636669
0.0390694 0.0611732
0.0355463 0.0586742
0.0321829 0.0561722
0.0289798 0.0536696
0.0259376 0.0511685
0.0230567 0.0486710
0.0203376 0.0461794
0.0177806 0.0436955
0.0153859 0.0412213
0.0131539 0.0387587
0.0110846 0.0363095
0.0091781 0.0338752
0.0074344 0.0314575
0.0058536 0.0290579
0.0044354 0.0266778
0.0031798 0.0243184
0.0020866 0.0219809
0.0011554 0.0196665
0.0003861 0.0173761
-0.0002219 0.0151106
-0.0006689 0.0128707
-0.0009553 0.0106572
-0.0010818 0.0084706
-0.0010489 0.0063112
-0.0008571 0.0041796
-0.0005073 0.0020758
0.0000000 0.0000000
0.0006596 -0.0020325
0.0014663 -0.0040066
0.0024193 -0.0059223
0.0035178 -0.0077798
0.0047606 -0.0095793
0.0061470 -0.0113209
0.0076757 -0.0130049
0.0093459 -0.0146316
0.0111562 -0.0162013
0.0131057 -0.0177143
0.0151930 -0.0191710
0.0174170 -0.0205719
0.0197764 -0.0219172
0.0222699 -0.0232075
0.0248961 -0.0244434
0.0276537 -0.0256252
0.0305414 -0.0267536
0.0335575 -0.0278292
0.0367009 -0.0288525
0.0399698 -0.0298242
0.0433629 -0.0307450
0.0468786 -0.0316157
0.0505154 -0.0324368
0.0542717 -0.0332093
0.0581459 -0.0339338
0.0621365 -0.0346112
0.0662420 -0.0352425
0.0704605 -0.0358283
0.0747907 -0.0363697
0.0792307 -0.0368677
0.0837791 -0.0373231
0.0884342 -0.0377370
0.0931944 -0.0381104
0.0980581 -0.0384443
0.1030236 -0.0387400
0.1080894 -0.0389983
0.1132538 -0.0392207
0.1185152 -0.0394081
0.1238721 -0.0395618
0.1293229 -0.0396830
0.1348661 -0.0397730
0.1405000 -0.0398331
0.1462231 -0.0398645
0.1520340 -0.0398687
0.1579310 -0.0398469
0.1639128 -0.0398007
0.1699778 -0.0397313
0.1761246 -0.0396402
0.1823517 -0.0395289
0.1886576 -0.0393989
0.1950411 -0.0392517
0.2015005 -0.0390888
0.2080346 -0.0389117
0.2146420 -0.0387220
0.2213213 -0.0385213
0.2280711 -0.0383112
0.2348900 -0.0380933
0.2417768 -0.0378693
0.2487301 -0.0376407
0.2557486 -0.0374092
0.2628309 -0.0371765
0.2699756 -0.0369441
0.2771815 -0.0367139
0.2844473 -0.0364875
0.2917715 -0.0362664
0.2991529 -0.0360525
0.3065900 -0.0358472
0.3140816 -0.0356524
0.3216262 -0.0354696
0.3292224 -0.0353005
0.3371300 -0.0351396
0.3452618 -0.0349586
0.3534408 -0.0347553
0.3616646 -0.0345305
0.3699309 -0.0342850
0.3782374 -0.0340198
0.3865817 -0.0337357
0.3949615 -0.0334337
0.4033744 -0.0331146
0.4118180 -0.0327792
0.4202900 -0.0324285
0.4287878 -0.0320634
0.4373092 -0.0316847
0.4458516 -0.0312933
0.4544126 -0.0308900
0.4629897 -0.0304757
0.4715804 -0.0300512
0.4801824 -0.0296174
0.4887929 -0.0291750
0.4974097 -0.0287249
0.5060301 -0.0282678
0.5146516 -0.0278044
0.5232717 -0.0273355
0.5318878 -0.0268619
0.5404974 -0.0263841
0.5490980 -0.0259030
0.5576871 -0.0254191
0.5662619 -0.0249330
0.5748200 -0.0244455
0.5833589 -0.0239570
0.5918759 -0.0234681
0.6003686 -0.0229794
0.6088342 -0.0224914
0.6172704 -0.0220045
0.6256744 -0.0215192
0.6340438 -0.0210359
0.6423761 -0.0205552
0.6506685 -0.0200773
0.6589187 -0.0196026
0.6671241 -0.0191314
0.6752821 -0.0186642
0.6833903 -0.0182012
0.6914460 -0.0177426
0.6994469 -0.0172887
0.7073905 -0.0168398
0.7152741 -0.0163961
0.7230955 -0.0159577
0.7308521 -0.0155249
0.7385415 -0.0150978
0.7461613 -0.0146766
0.7537090 -0.0142613
0.7611823 -0.0138522
0.7685788 -0.0134493
0.7758962 -0.0130527
0.7831321 -0.0126625
0.7902842 -0.0122787
0.7973502 -0.0119015
0.8043279 -0.0115308
0.8112150 -0.0111667
0.8180092 -0.0108092
0.8247085 -0.0104585
0.8313105 -0.0101144
0.8378132 -0.0097770
0.8442144 -0.0094463
0.8505121 -0.0091224
0.8567042 -0.0088052
0.8627886 -0.0084948
0.8687634 -0.0081911
0.8746265 -0.0078941
0.8803761 -0.0076039
0.8860102 -0.0073204
0.8915269 -0.0070437
0.8969245 -0.0067737
0.9022010 -0.0065105
0.9073548 -0.0062541
0.9123842 -0.0060044
0.9172873 -0.0057616
0.9220626 -0.0055255
0.9267084 -0.0052962
0.9312232 -0.0050738
0.9356055 -0.0048582
0.9398536 -0.0046495
0.9439663 -0.0044476
0.9479420 -0.0042527
0.9517795 -0.0040648
0.9554773 -0.0038838
0.9590343 -0.0037098
0.9624491 -0.0035428
0.9657207 -0.0033829
0.9688478 -0.0032301
0.9718294 -0.0030845
0.9746645 -0.0029460
0.9773520 -0.0028148
0.9798910 -0.0026908
0.9822807 -0.0025741
0.9845201 -0.0024648
0.9866086 -0.0023628
0.9885453 -0.0022682
0.9903297 -0.0021810
0.9919609 -0.0021013
0.9934386 -0.0020291
0.9947622 -0.0019644
0.9959311 -0.0019072
0.9969450 -0.0018577
0.9978035 -0.0018157
0.9985064 -0.0017813
0.9990533 -0.0017545
0.9994441 -0.0017354
0.9996786 -0.0017240
0.9997568 -0.0017201
