AIRFOIL_LNY
1.0000106 0.0014906
0.9999345 0.0015038
0.9997064 0.0015433
0.9993262 0.0016092
0.9987941 0.0017013
0.9981102 0.0018196
0.9972747 0.0019640
0.9962880 0.0021343
0.9951503 0.0023304
0.9938619 0.0025522
0.9924232 0.0027994
0.9908347 0.0030718
0.9890969 0.0033693
0.9872102 0.0036915
0.9851753 0.0040381
0.9829927 0.0044090
0.9806632 0.0048037
0.9781874 0.0052220
0.9755661 0.0056635
0.9728000 0.0061278
0.9698900 0.0066146
0.9668371 0.0071234
0.9636420 0.0076539
0.9603058 0.0082057
0.9568296 0.0087782
0.9532142 0.0093711
0.9494609 0.0099839
0.9455708 0.0106161
0.9415450 0.0112672
0.9373848 0.0119368
0.9330915 0.0126243
0.9286663 0.0133292
0.9241105 0.0140511
0.9194256 0.0147893
0.9146130 0.0155434
0.9096742 0.0163128
0.9046105 0.0170969
0.8994237 0.0178953
0.8941152 0.0187073
0.8886866 0.0195325
0.8831397 0.0203702
0.8774760 0.0212198
0.8716974 0.0220809
0.8658055 0.0229528
0.8598021 0.0238349
0.8536892 0.0247268
0.8474684 0.0256277
0.8411418 0.0265371
0.8347112 0.0274545
0.8281786 0.0283792
0.8215460 0.0293107
0.8148153 0.0302483
0.8079887 0.0311915
0.8010683 0.0321397
0.7940560 0.0330923
0.7869541 0.0340487
0.7797646 0.0350082
0.7724899 0.0359704
0.7651321 0.0369345
0.7576934 0.0378999
0.7501761 0.0388661
0.7425824 0.0398325
0.7349148 0.0407984
0.7271755 0.0417631
0.7193669 0.0427262
0.7114914 0.0436868
0.7035513 0.0446445
0.6955491 0.0455985
0.6874871 0.0465483
0.6793680 0.0474930
0.6711941 0.0484323
0.6629678 0.0493652
0.6546919 0.0502912
0.6463686 0.0512097
0.6380007 0.0521198
0.6295905 0.0530210
0.6211408 0.0539126
0.6126540 0.0547938
0.6041328 0.0556640
0.5955797 0.0565225
0.5869973 0.0573685
0.5783883 0.0582013
0.5697553 0.0590203
0.5611010 0.0598247
0.5524278 0.0606137
0.5437386 0.0613867
0.5350360 0.0621429
0.5263225 0.0628816
0.5176009 0.0636020
0.5088738 0.0643035
0.5001439 0.0649852
0.4914139 0.0656465
0.4826863 0.0662866
0.4739639 0.0669047
0.4652494 0.0675003
0.4565454 0.0680725
0.4478545 0.0686206
0.4391794 0.0691440
0.4305227 0.0696419
0.4218871 0.0701136
0.4132753 0.0705585
0.4046898 0.0709759
0.3961333 0.0713651
0.3876084 0.0717255
0.3791177 0.0720565
0.3706638 0.0723574
0.3622492 0.0726277
0.3538766 0.0728668
0.3455484 0.0730742
0.3372674 0.0732492
0.3290359 0.0733914
0.3208564 0.0735004
0.3127316 0.0735756
0.3046638 0.0736166
0.2966556 0.0736230
0.2887093 0.0735944
0.2808275 0.0735305
0.2730125 0.0734309
0.2652666 0.0732953
0.2575729 0.0731230
0.2499368 0.0729107
0.2423776 0.0726580
0.2348976 0.0723648
0.2274991 0.0720311
0.2201845 0.0716570
0.2129560 0.0712424
0.2058160 0.0707876
0.1987666 0.0702926
0.1918100 0.0697576
0.1849484 0.0691829
0.1781839 0.0685686
0.1715187 0.0679152
0.1649548 0.0672228
0.1584942 0.0664919
0.1521390 0.0657228
0.1458911 0.0649160
0.1397525 0.0640719
0.1337250 0.0631911
0.1278105 0.0622739
0.1220109 0.0613210
0.1163279 0.0603330
0.1107633 0.0593105
0.1053188 0.0582539
0.0999960 0.0571641
0.0947966 0.0560417
0.0897222 0.0548874
0.0847743 0.0537018
0.0799545 0.0524857
0.0752642 0.0512398
0.0707048 0.0499649
0.0662776 0.0486617
0.0619842 0.0473309
0.0578256 0.0459735
0.0538032 0.0445900
0.0499183 0.0431813
0.0461718 0.0417483
0.0425650 0.0402915
0.0390990 0.0388119
0.0357747 0.0373101
0.0325932 0.0357869
0.0295553 0.0342431
0.0266620 0.0326794
0.0239141 0.0310965
0.0213124 0.0294951
0.0188577 0.0278758
0.0165506 0.0262394
0.0143918 0.0245865
0.0123820 0.0229176
0.0105217 0.0212334
0.0088114 0.0195344
0.0072515 0.0178212
0.0058426 0.0160943
0.0045849 0.0143540
0.0034789 0.0126010
0.0025248 0.0108355
0.0017228 0.0090579
0.0010732 0.0072687
0.0005760 0.0054680
0.0002314 0.0036562
0.0000394 0.0018335
0.0000000 0.0000000
0.0001129 -0.0018304
0.0003778 -0.0036440
0.0007945 -0.0054405
0.0013628 -0.0072199
0.0020825 -0.0089818
0.0029533 -0.0107260
0.0039749 -0.0124523
0.0051470 -0.0141604
0.0064691 -0.0158499
0.0079407 -0.0175205
0.0095615 -0.0191719
0.0113307 -0.0208037
0.0132479 -0.0224155
0.0153124 -0.0240068
0.0175236 -0.0255773
0.0198806 -0.0271266
0.0223828 -0.0286541
0.0250294 -0.0301595
0.0278194 -0.0316421
0.0307521 -0.0331017
0.0338264 -0.0345376
0.0370414 -0.0359493
0.0403961 -0.0373365
0.0438895 -0.0386985
0.0475204 -0.0400349
0.0512877 -0.0413452
0.0551902 -0.0426288
0.0592268 -0.0438854
0.0633961 -0.0451143
0.0676970 -0.0463152
0.0721279 -0.0474875
0.0766877 -0.0486309
0.0813749 -0.0497448
0.0861881 -0.0508288
0.0911257 -0.0518826
0.0961864 -0.0529057
0.1013685 -0.0538978
0.1066705 -0.0548584
0.1120908 -0.0557874
0.1176277 -0.0566843
0.1232795 -0.0575488
0.1290447 -0.0583808
0.1349213 -0.0591800
0.1409077 -0.0599462
0.1470021 -0.0606792
0.1532026 -0.0613789
0.1595074 -0.0620451
0.1659146 -0.0626777
0.1724223 -0.0632768
0.1790285 -0.0638423
0.1857312 -0.0643741
0.1925285 -0.0648723
0.1994184 -0.0653371
0.2063988 -0.0657684
0.2134675 -0.0661665
0.2206226 -0.0665315
0.2278619 -0.0668636
0.2351832 -0.0671630
0.2425844 -0.0674300
0.2500632 -0.0676648
0.2576175 -0.0678679
0.2652618 -0.0680390
0.2729970 -0.0681757
0.2808014 -0.0682775
0.2886724 -0.0683449
0.2966078 -0.0683783
0.3046051 -0.0683779
0.3126618 -0.0683442
0.3207756 -0.0682776
0.3289440 -0.0681786
0.3371645 -0.0680477
0.3454346 -0.0678854
0.3537517 -0.0676922
0.3621135 -0.0674686
0.3705172 -0.0672153
0.3789604 -0.0669328
0.3874405 -0.0666217
0.3959550 -0.0662827
0.4045012 -0.0659163
0.4130765 -0.0655233
0.4216784 -0.0651042
0.4303042 -0.0646599
0.4389513 -0.0641909
0.4476171 -0.0636979
0.4562989 -0.0631816
0.4649941 -0.0626428
0.4737001 -0.0620822
0.4824142 -0.0615004
0.4911337 -0.0608982
0.4998561 -0.0602763
0.5085786 -0.0596354
0.5172986 -0.0589763
0.5260135 -0.0582996
0.5347205 -0.0576060
0.5434171 -0.0568964
0.5521006 -0.0561714
0.5607684 -0.0554316
0.5694178 -0.0546779
0.5780461 -0.0539109
0.5866509 -0.0531313
0.5952293 -0.0523398
0.6037789 -0.0515371
0.6122971 -0.0507239
0.6207811 -0.0499007
0.6292285 -0.0490684
0.6376367 -0.0482275
0.6460031 -0.0473787
0.6543251 -0.0465227
0.6626003 -0.0456600
0.6708261 -0.0447913
0.6790000 -0.0439173
0.6871195 -0.0430385
0.6951821 -0.0421556
0.7031854 -0.0412691
0.7111269 -0.0403797
0.7190042 -0.0394879
0.7268150 -0.0385944
0.7345567 -0.0376997
0.7422272 -0.0368043
0.7498239 -0.0359090
0.7573447 -0.0350141
0.7647872 -0.0341203
0.7721491 -0.0332282
0.7794283 -0.0323382
0.7866224 -0.0314510
0.7937293 -0.0305671
0.8007468 -0.0296870
0.8076727 -0.0288113
0.8145051 -0.0279404
0.8212416 -0.0270750
0.8278804 -0.0262156
0.8344194 -0.0253627
0.8408566 -0.0245168
0.8471900 -0.0236785
0.8534176 -0.0228482
0.8595377 -0.0220266
0.8655482 -0.0212141
0.8714475 -0.0204112
0.8772336 -0.0196185
0.8829048 -0.0188364
0.8884593 -0.0180655
0.8938956 -0.0173064
0.8992118 -0.0165594
0.9044065 -0.0158251
0.9094779 -0.0151040
0.9144245 -0.0143966
0.9192449 -0.0137034
0.9239376 -0.0130249
0.9285010 -0.0123615
0.9329339 -0.0117137
0.9372349 -0.0110820
0.9414026 -0.0104668
0.9454357 -0.0098687
0.9493331 -0.0092880
0.9530936 -0.0087252
0.9567159 -0.0081807
0.9601990 -0.0076549
0.9635418 -0.0071483
0.9667433 -0.0066612
0.9698026 -0.0061940
0.9727186 -0.0057471
0.9754905 -0.0053208
0.9781174 -0.0049155
0.9805985 -0.0045315
0.9829331 -0.0041692
0.9851204 -0.0038288
0.9871598 -0.0035106
0.9890507 -0.0032148
0.9907924 -0.0029418
0.9923845 -0.0026918
0.9938265 -0.0024649
0.9951178 -0.0022613
0.9962581 -0.0020813
0.9972472 -0.0019250
0.9980845 -0.0017925
0.9987700 -0.0016840
0.9993034 -0.0015994
0.9996844 -0.0015390
0.9999131 -0.0015027
0.9999894 -0.0014906
