AIRFOIL_LNY
1.0000467 0.0013283
0.9999710 0.0013422
0.9997437 0.0013841
0.9993650 0.0014537
0.9988350 0.0015511
0.9981538 0.0016763
0.9973217 0.0018290
0.9963389 0.0020091
0.9952056 0.0022166
0.9939222 0.0024512
0.9924891 0.0027127
0.9909068 0.0030008
0.9891756 0.0033155
0.9872961 0.0036563
0.9852689 0.0040229
0.9830945 0.0044152
0.9807736 0.0048327
0.9783069 0.0052751
0.9756951 0.0057420
0.9729390 0.0062331
0.9700394 0.0067479
0.9669972 0.0072861
0.9638133 0.0078471
0.9604885 0.0084305
0.9570240 0.0090359
0.9534207 0.0096628
0.9496797 0.0103107
0.9458022 0.0109790
0.9417892 0.0116673
0.9376420 0.0123751
0.9333618 0.0131017
0.9289499 0.0138466
0.9244075 0.0146094
0.9197362 0.0153893
0.9149372 0.0161859
0.9100119 0.0169985
0.9049620 0.0178266
0.8997888 0.0186695
0.8944939 0.0195267
0.8890789 0.0203975
0.8835454 0.0212813
0.8778952 0.0221776
0.8721298 0.0230857
0.8662510 0.0240049
0.8602605 0.0249347
0.8541603 0.0258743
0.8479521 0.0268233
0.8416377 0.0277809
0.8352191 0.0287465
0.8286982 0.0297195
0.8220769 0.0306992
0.8153573 0.0316849
0.8085414 0.0326762
0.8016312 0.0336722
0.7946289 0.0346723
0.7875365 0.0356759
0.7803561 0.0366824
0.7730901 0.0376911
0.7657404 0.0387013
0.7583094 0.0397124
0.7507993 0.0407238
0.7432124 0.0417347
0.7355510 0.0427445
0.7278173 0.0437525
0.7200138 0.0447582
0.7121428 0.0457607
0.7042067 0.0467596
0.6962079 0.0477540
0.6881488 0.0487433
0.6800318 0.0497268
0.6718595 0.0507039
0.6636343 0.0516739
0.6553588 0.0526361
0.6470353 0.0535898
0.6386665 0.0545343
0.6302549 0.0554689
0.6218031 0.0563930
0.6133136 0.0573059
0.6047891 0.0582068
0.5962321 0.0590950
0.5876452 0.0599699
0.5790310 0.0608308
0.5703922 0.0616769
0.5617315 0.0625076
0.5530514 0.0633222
0.5443546 0.0641199
0.5356438 0.0649001
0.5269216 0.0656620
0.5181907 0.0664050
0.5094537 0.0671284
0.5007135 0.0678315
0.4919725 0.0685136
0.4832336 0.0691740
0.4744993 0.0698120
0.4657723 0.0704271
0.4570554 0.0710184
0.4483513 0.0715855
0.4396624 0.0721276
0.4309917 0.0726441
0.4223416 0.0731344
0.4137149 0.0735979
0.4051143 0.0740339
0.3965423 0.0744420
0.3880016 0.0748215
0.3794948 0.0751720
0.3710246 0.0754928
0.3625935 0.0757834
0.3542042 0.0760435
0.3458592 0.0762724
0.3375611 0.0764699
0.3293125 0.0766353
0.3211159 0.0767684
0.3129739 0.0768688
0.3048889 0.0769360
0.2968634 0.0769699
0.2889000 0.0769700
0.2810010 0.0769361
0.2731690 0.0768681
0.2654063 0.0767656
0.2577153 0.0766285
0.2500984 0.0764566
0.2425580 0.0762498
0.2350963 0.0760081
0.2277158 0.0757314
0.2204186 0.0754196
0.2131476 0.0750719
0.2057850 0.0746684
0.1985187 0.0742019
0.1913514 0.0736734
0.1842854 0.0730845
0.1773233 0.0724363
0.1704676 0.0717303
0.1637206 0.0709679
0.1570846 0.0701506
0.1505619 0.0692800
0.1441548 0.0683576
0.1378655 0.0673849
0.1316960 0.0663637
0.1256483 0.0652956
0.1197246 0.0641822
0.1139268 0.0630253
0.1082567 0.0618267
0.1027162 0.0605880
0.0973070 0.0593110
0.0920309 0.0579976
0.0868894 0.0566494
0.0818842 0.0552682
0.0770168 0.0538560
0.0722887 0.0524143
0.0677012 0.0509450
0.0632556 0.0494499
0.0589533 0.0479307
0.0547954 0.0463891
0.0507831 0.0448268
0.0469174 0.0432456
0.0431995 0.0416470
0.0396301 0.0400327
0.0362103 0.0384044
0.0329409 0.0367635
0.0298225 0.0351116
0.0268561 0.0334501
0.0240421 0.0317805
0.0213812 0.0301041
0.0188739 0.0284224
0.0165207 0.0267365
0.0143221 0.0250476
0.0122783 0.0233571
0.0103897 0.0216658
0.0086566 0.0199750
0.0070790 0.0182855
0.0056573 0.0165983
0.0043914 0.0149141
0.0032814 0.0132339
0.0023273 0.0115582
0.0015289 0.0098877
0.0008863 0.0082230
0.0003991 0.0065645
0.0000672 0.0049127
-0.0001098 0.0032678
-0.0001320 0.0016302
0.0000000 0.0000000
0.0002843 -0.0016106
0.0007189 -0.0031896
0.0013033 -0.0047369
0.0020369 -0.0062524
0.0029190 -0.0077361
0.0039492 -0.0091882
0.0051266 -0.0106086
0.0064505 -0.0119974
0.0079203 -0.0133546
0.0095349 -0.0146804
0.0112938 -0.0159748
0.0131958 -0.0172380
0.0152402 -0.0184702
0.0174260 -0.0196716
0.0197521 -0.0208422
0.0222176 -0.0219824
0.0248213 -0.0230923
0.0275623 -0.0241723
0.0304394 -0.0252226
0.0334513 -0.0262434
0.0365970 -0.0272352
0.0398753 -0.0281982
0.0432848 -0.0291328
0.0468244 -0.0300394
0.0504928 -0.0309184
0.0542885 -0.0317702
0.0582104 -0.0325953
0.0622570 -0.0333941
0.0664270 -0.0341672
0.0707190 -0.0349151
0.0751315 -0.0356383
0.0796632 -0.0363375
0.0843126 -0.0370131
0.0890782 -0.0376658
0.0939585 -0.0382963
0.0989521 -0.0389052
0.1040575 -0.0394933
0.1092731 -0.0400613
0.1145973 -0.0406098
0.1200288 -0.0411397
0.1255658 -0.0416518
0.1312068 -0.0421469
0.1369503 -0.0426258
0.1427947 -0.0430894
0.1487384 -0.0435386
0.1547797 -0.0439742
0.1609170 -0.0443974
0.1671488 -0.0448089
0.1734734 -0.0452097
0.1798890 -0.0456009
0.1863942 -0.0459835
0.1929872 -0.0463584
0.1996662 -0.0467268
0.2064298 -0.0470897
0.2132760 -0.0474481
0.2203885 -0.0477953
0.2276452 -0.0481130
0.2349844 -0.0484005
0.2424039 -0.0486581
0.2499016 -0.0488859
0.2574751 -0.0490842
0.2651221 -0.0492533
0.2728405 -0.0493934
0.2806278 -0.0495048
0.2884817 -0.0495880
0.2963999 -0.0496431
0.3043800 -0.0496708
0.3124195 -0.0496712
0.3205161 -0.0496450
0.3286673 -0.0495925
0.3368707 -0.0495141
0.3451238 -0.0494105
0.3534241 -0.0492820
0.3617692 -0.0491293
0.3701564 -0.0489527
0.3785833 -0.0487530
0.3870474 -0.0485306
0.3955461 -0.0482862
0.4040767 -0.0480202
0.4126369 -0.0477333
0.4212239 -0.0474261
0.4298352 -0.0470992
0.4384682 -0.0467531
0.4471203 -0.0463886
0.4557888 -0.0460062
0.4644712 -0.0456066
0.4731648 -0.0451903
0.4818670 -0.0447579
0.4905751 -0.0443102
0.4992865 -0.0438477
0.5079987 -0.0433711
0.5167088 -0.0428808
0.5254144 -0.0423777
0.5341127 -0.0418621
0.5428012 -0.0413349
0.5514771 -0.0407965
0.5601379 -0.0402475
0.5687809 -0.0396885
0.5774035 -0.0391201
0.5860030 -0.0385428
0.5945769 -0.0379573
0.6031226 -0.0373640
0.6116374 -0.0367634
0.6201188 -0.0361562
0.6285641 -0.0355428
0.6369708 -0.0349238
0.6453364 -0.0342996
0.6536582 -0.0336708
0.6619338 -0.0330378
0.6701606 -0.0324011
0.6783361 -0.0317612
0.6864578 -0.0311185
0.6945233 -0.0304736
0.7025300 -0.0298267
0.7104755 -0.0291784
0.7183573 -0.0285291
0.7261732 -0.0278792
0.7339206 -0.0272292
0.7415972 -0.0265794
0.7492007 -0.0259302
0.7567287 -0.0252821
0.7641789 -0.0246354
0.7715490 -0.0239905
0.7788368 -0.0233478
0.7860399 -0.0227077
0.7931564 -0.0220706
0.8001838 -0.0214367
0.8071201 -0.0208065
0.8139631 -0.0201804
0.8207107 -0.0195587
0.8273609 -0.0189418
0.8339115 -0.0183299
0.8403607 -0.0177236
0.8467063 -0.0171230
0.8529465 -0.0165287
0.8590793 -0.0159409
0.8651027 -0.0153599
0.8710151 -0.0147862
0.8768144 -0.0142200
0.8824990 -0.0136617
0.8880671 -0.0131117
0.8935169 -0.0125703
0.8988467 -0.0120378
0.9040550 -0.0115145
0.9091401 -0.0110009
0.9141004 -0.0104972
0.9189344 -0.0100037
0.9236406 -0.0095209
0.9282174 -0.0090489
0.9326636 -0.0085882
0.9369777 -0.0081390
0.9411584 -0.0077017
0.9452043 -0.0072766
0.9491143 -0.0068640
0.9528871 -0.0064641
0.9565215 -0.0060773
0.9600163 -0.0057039
0.9633706 -0.0053441
0.9665832 -0.0049982
0.9696532 -0.0046664
0.9725796 -0.0043491
0.9753614 -0.0040465
0.9779978 -0.0037588
0.9804881 -0.0034863
0.9828313 -0.0032291
0.9850268 -0.0029875
0.9870740 -0.0027617
0.9889720 -0.0025518
0.9907204 -0.0023581
0.9923186 -0.0021806
0.9937661 -0.0020196
0.9950625 -0.0018752
0.9962073 -0.0017475
0.9972002 -0.0016365
0.9980409 -0.0015425
0.9987290 -0.0014655
0.9992645 -0.0014055
0.9996471 -0.0013626
0.9998767 -0.0013369
0.9999533 -0.0013283
