AIRFOIL_LNY
1.0001961 0.0007849
1.0001216 0.0008106
0.9998980 0.0008876
0.9995255 0.0010159
0.9990042 0.0011953
0.9983340 0.0014256
0.9975153 0.0017066
0.9965483 0.0020378
0.9954331 0.0024190
0.9941701 0.0028497
0.9927595 0.0033294
0.9912018 0.0038576
0.9894973 0.0044336
0.9876465 0.0050568
0.9856497 0.0057265
0.9835077 0.0064418
0.9812207 0.0072021
0.9787896 0.0080064
0.9762148 0.0088538
0.9734971 0.0097434
0.9706371 0.0106740
0.9676356 0.0116448
0.9644933 0.0126545
0.9612111 0.0137020
0.9577898 0.0147861
0.9542303 0.0159057
0.9505336 0.0170593
0.9467005 0.0182458
0.9427322 0.0194638
0.9386296 0.0207119
0.9343938 0.0219887
0.9300260 0.0232928
0.9255272 0.0246227
0.9208988 0.0259768
0.9161420 0.0273538
0.9112580 0.0287520
0.9062481 0.0301699
0.9011137 0.0316059
0.8958562 0.0330583
0.8904769 0.0345256
0.8849775 0.0360062
0.8793594 0.0374983
0.8736240 0.0390004
0.8677731 0.0405107
0.8618082 0.0420276
0.8557310 0.0435493
0.8495431 0.0450743
0.8432463 0.0466008
0.8368423 0.0481270
0.8303330 0.0496515
0.8237202 0.0511723
0.8170058 0.0526879
0.8101916 0.0541966
0.8032796 0.0556967
0.7962718 0.0571865
0.7891701 0.0586645
0.7819767 0.0601288
0.7746936 0.0615781
0.7673228 0.0630105
0.7598666 0.0644246
0.7523272 0.0658187
0.7447066 0.0671914
0.7370072 0.0685410
0.7292312 0.0698661
0.7213810 0.0711652
0.7134587 0.0724368
0.7054669 0.0736795
0.6974078 0.0748919
0.6892839 0.0760726
0.6810977 0.0772203
0.6728515 0.0783337
0.6645479 0.0794115
0.6561894 0.0804524
0.6477785 0.0814552
0.6393179 0.0824189
0.6308100 0.0833422
0.6222576 0.0842240
0.6136632 0.0850633
0.6050296 0.0858592
0.5963593 0.0866105
0.5876551 0.0873165
0.5789197 0.0879761
0.5701559 0.0885887
0.5613664 0.0891534
0.5525540 0.0896694
0.5437215 0.0901360
0.5348733 0.0905527
0.5260469 0.0909245
0.5172097 0.0912555
0.5083646 0.0915453
0.4995144 0.0917934
0.4906618 0.0919995
0.4818097 0.0921633
0.4729609 0.0922844
0.4641183 0.0923625
0.4552847 0.0923975
0.4464629 0.0923891
0.4376558 0.0923373
0.4288662 0.0922418
0.4200970 0.0921027
0.4113510 0.0919200
0.4026311 0.0916936
0.3939400 0.0914236
0.3852806 0.0911103
0.3766558 0.0907536
0.3680684 0.0903539
0.3595211 0.0899114
0.3510168 0.0894263
0.3425582 0.0888991
0.3341482 0.0883300
0.3257895 0.0877196
0.3174848 0.0870682
0.3092369 0.0863765
0.3010485 0.0856449
0.2929222 0.0848740
0.2848609 0.0840646
0.2768670 0.0832172
0.2689433 0.0823326
0.2610923 0.0814115
0.2533166 0.0804548
0.2456189 0.0794633
0.2380015 0.0784379
0.2304671 0.0773795
0.2230180 0.0762890
0.2156568 0.0751674
0.2083858 0.0740158
0.2012073 0.0728352
0.1941238 0.0716266
0.1871375 0.0703912
0.1802507 0.0691302
0.1734657 0.0678447
0.1667845 0.0665358
0.1602094 0.0652048
0.1537424 0.0638530
0.1473856 0.0624816
0.1411411 0.0610918
0.1350108 0.0596850
0.1289967 0.0582625
0.1231006 0.0568256
0.1173245 0.0553755
0.1116700 0.0539138
0.1061390 0.0524416
0.1007331 0.0509605
0.0954540 0.0494716
0.0903034 0.0479764
0.0852828 0.0464762
0.0803937 0.0449724
0.0756376 0.0434662
0.0710159 0.0419592
0.0665299 0.0404525
0.0621811 0.0389474
0.0579706 0.0374453
0.0538997 0.0359475
0.0499696 0.0344552
0.0461813 0.0329697
0.0425360 0.0314921
0.0390347 0.0300236
0.0356783 0.0285655
0.0324678 0.0271188
0.0294041 0.0256847
0.0264879 0.0242642
0.0237201 0.0228584
0.0211014 0.0214682
0.0186325 0.0200947
0.0163139 0.0187387
0.0141463 0.0174010
0.0121303 0.0160827
0.0102662 0.0147843
0.0085545 0.0135068
0.0069957 0.0122507
0.0055901 0.0110168
0.0043379 0.0098055
0.0032394 0.0086176
0.0022949 0.0074534
0.0015044 0.0063134
0.0008681 0.0051980
0.0003861 0.0041075
0.0000583 0.0030423
-0.0001153 0.0020026
-0.0001346 0.0009884
0.0000000 0.0000000
0.0002870 -0.0009554
0.0007244 -0.0018704
0.0013122 -0.0027452
0.0020499 -0.0035797
0.0029372 -0.0043740
0.0039737 -0.0051281
0.0051590 -0.0058421
0.0064925 -0.0065160
0.0079738 -0.0071502
0.0096022 -0.0077445
0.0113771 -0.0082994
0.0132979 -0.0088148
0.0153638 -0.0092911
0.0175740 -0.0097284
0.0199278 -0.0101271
0.0224244 -0.0104873
0.0250628 -0.0108095
0.0278421 -0.0110938
0.0307613 -0.0113407
0.0338194 -0.0115504
0.0370155 -0.0117235
0.0403483 -0.0118603
0.0438168 -0.0119612
0.0474198 -0.0120266
0.0511562 -0.0120571
0.0550246 -0.0120531
0.0590239 -0.0120152
0.0631527 -0.0119439
0.0674097 -0.0118397
0.0717935 -0.0117033
0.0763028 -0.0115352
0.0809360 -0.0113361
0.0856918 -0.0111066
0.0905687 -0.0108474
0.0955651 -0.0105591
0.1006796 -0.0102426
0.1059105 -0.0098985
0.1112562 -0.0095275
0.1167151 -0.0091305
0.1222856 -0.0087083
0.1279660 -0.0082616
0.1337545 -0.0077913
0.1396496 -0.0072982
0.1456494 -0.0067832
0.1517521 -0.0062472
0.1579560 -0.0056911
0.1642593 -0.0051158
0.1706600 -0.0045222
0.1771565 -0.0039113
0.1837467 -0.0032841
0.1904289 -0.0026414
0.1972010 -0.0019844
0.2040612 -0.0013139
0.2110074 -0.0006310
0.2180378 0.0000633
0.2251503 0.0007680
0.2323429 0.0014821
0.2396136 0.0022045
0.2469604 0.0029342
0.2543811 0.0036703
0.2618737 0.0044115
0.2694362 0.0051570
0.2770662 0.0059056
0.2847619 0.0066564
0.2925209 0.0074083
0.3003411 0.0081602
0.3082204 0.0089113
0.3161565 0.0096604
0.3241472 0.0104067
0.3321904 0.0111490
0.3402836 0.0118864
0.3484248 0.0126180
0.3566115 0.0133428
0.3648415 0.0140599
0.3731126 0.0147684
0.3814223 0.0154674
0.3897683 0.0161560
0.3981483 0.0168334
0.4065599 0.0174988
0.4150008 0.0181513
0.4234685 0.0187901
0.4319607 0.0194147
0.4404748 0.0200241
0.4490086 0.0206178
0.4575596 0.0211950
0.4661252 0.0217552
0.4747031 0.0222978
0.4832908 0.0228221
0.4918858 0.0233277
0.5004856 0.0238140
0.5090878 0.0242807
0.5176898 0.0247272
0.5262891 0.0251532
0.5348832 0.0255584
0.5434342 0.0259379
0.5519744 0.0262863
0.5605029 0.0266033
0.5690172 0.0268888
0.5775147 0.0271428
0.5859931 0.0273650
0.5944497 0.0275557
0.6028821 0.0277147
0.6112878 0.0278422
0.6196643 0.0279383
0.6280090 0.0280033
0.6363195 0.0280373
0.6445932 0.0280406
0.6528276 0.0280136
0.6610203 0.0279566
0.6691687 0.0278701
0.6772703 0.0277545
0.6853227 0.0276103
0.6933233 0.0274381
0.7012698 0.0272384
0.7091595 0.0270120
0.7169902 0.0267593
0.7247593 0.0264812
0.7324644 0.0261784
0.7401030 0.0258516
0.7476728 0.0255016
0.7551714 0.0251293
0.7625964 0.0247355
0.7699455 0.0243212
0.7772162 0.0238872
0.7844063 0.0234344
0.7915135 0.0229639
0.7985354 0.0224766
0.8054699 0.0219735
0.8123146 0.0214557
0.8190674 0.0209241
0.8257260 0.0203798
0.8322883 0.0198239
0.8387521 0.0192575
0.8451153 0.0186816
0.8513758 0.0180973
0.8575316 0.0175058
0.8635806 0.0169080
0.8695208 0.0163052
0.8753502 0.0156984
0.8810669 0.0150887
0.8866690 0.0144772
0.8921546 0.0138651
0.8975218 0.0132533
0.9027689 0.0126430
0.9078941 0.0120352
0.9128956 0.0114310
0.9177717 0.0108315
0.9225208 0.0102376
0.9271413 0.0096505
0.9316316 0.0090710
0.9359901 0.0085001
0.9402154 0.0079390
0.9443060 0.0073883
0.9482605 0.0068492
0.9520774 0.0063225
0.9557556 0.0058090
0.9592937 0.0053096
0.9626905 0.0048252
0.9659448 0.0043565
0.9690555 0.0039043
0.9720215 0.0034693
0.9748417 0.0030522
0.9775152 0.0026537
0.9800409 0.0022745
0.9824182 0.0019151
0.9846460 0.0015762
0.9867236 0.0012583
0.9886503 0.0009618
0.9904254 0.0006873
0.9920482 0.0004351
0.9935183 0.0002058
0.9948350 -0.0000004
0.9959979 -0.0001831
0.9970066 -0.0003420
0.9978607 -0.0004769
0.9985599 -0.0005875
0.9991040 -0.0006738
0.9994928 -0.0007355
0.9997261 -0.0007726
0.9998039 -0.0007849
