AIRFOIL_LNY
1.0000653 0.0013217
0.9999897 0.0013367
0.9997629 0.0013816
0.9993850 0.0014563
0.9988560 0.0015609
0.9981762 0.0016953
0.9973458 0.0018592
0.9963649 0.0020526
0.9952339 0.0022753
0.9939531 0.0025271
0.9925229 0.0028078
0.9909437 0.0031171
0.9892159 0.0034549
0.9873401 0.0038207
0.9853167 0.0042142
0.9831465 0.0046352
0.9808300 0.0050833
0.9783679 0.0055581
0.9757610 0.0060592
0.9730099 0.0065861
0.9701155 0.0071385
0.9670787 0.0077159
0.9639003 0.0083178
0.9605814 0.0089437
0.9571227 0.0095931
0.9535254 0.0102655
0.9497906 0.0109604
0.9459193 0.0116771
0.9419126 0.0124152
0.9377718 0.0131740
0.9334981 0.0139530
0.9290927 0.0147515
0.9245569 0.0155690
0.9198922 0.0164048
0.9150997 0.0172583
0.9101811 0.0181289
0.9051377 0.0190158
0.8999710 0.0199185
0.8946826 0.0208364
0.8892741 0.0217686
0.8837469 0.0227146
0.8781029 0.0236737
0.8723437 0.0246452
0.8664709 0.0256284
0.8604864 0.0266226
0.8543919 0.0276272
0.8481892 0.0286414
0.8418803 0.0296646
0.8354669 0.0306960
0.8289510 0.0317350
0.8223346 0.0327808
0.8156196 0.0338328
0.8088081 0.0348902
0.8019021 0.0359524
0.7949037 0.0370186
0.7878149 0.0380881
0.7806379 0.0391602
0.7733749 0.0402342
0.7660281 0.0413094
0.7585996 0.0423851
0.7510917 0.0434606
0.7435067 0.0445351
0.7358468 0.0456080
0.7281144 0.0466785
0.7203118 0.0477459
0.7124414 0.0488095
0.7045055 0.0498685
0.6965066 0.0509223
0.6884471 0.0519702
0.6803293 0.0530114
0.6721559 0.0540451
0.6639292 0.0550708
0.6556517 0.0560875
0.6473260 0.0570947
0.6389546 0.0580916
0.6305401 0.0590774
0.6220850 0.0600515
0.6135918 0.0610131
0.6050632 0.0619615
0.5965018 0.0628959
0.5879102 0.0638156
0.5792910 0.0647200
0.5706468 0.0656082
0.5619803 0.0664795
0.5532941 0.0673333
0.5445909 0.0681688
0.5358733 0.0689853
0.5271441 0.0697820
0.5184058 0.0705584
0.5096613 0.0713135
0.5009131 0.0720469
0.4921639 0.0727577
0.4834165 0.0734453
0.4746735 0.0741090
0.4659376 0.0747481
0.4572115 0.0753621
0.4484979 0.0759501
0.4397995 0.0765117
0.4311190 0.0770461
0.4224590 0.0775528
0.4138221 0.0780311
0.4052112 0.0784806
0.3966288 0.0789005
0.3880776 0.0792904
0.3795602 0.0796497
0.3710794 0.0799780
0.3626376 0.0802747
0.3542375 0.0805394
0.3458817 0.0807716
0.3375728 0.0809709
0.3293134 0.0811369
0.3211061 0.0812692
0.3129533 0.0813675
0.3048577 0.0814315
0.2968217 0.0814609
0.2888478 0.0814553
0.2809385 0.0814147
0.2730963 0.0813387
0.2653236 0.0812272
0.2576228 0.0810801
0.2499666 0.0808970
0.2421729 0.0806593
0.2344627 0.0803556
0.2268389 0.0799871
0.2193040 0.0795547
0.2118608 0.0790595
0.2045119 0.0785028
0.1972599 0.0778857
0.1901074 0.0772095
0.1830569 0.0764755
0.1761109 0.0756852
0.1692717 0.0748398
0.1625418 0.0739409
0.1559234 0.0729901
0.1494188 0.0719888
0.1430303 0.0709386
0.1367599 0.0698411
0.1306099 0.0686981
0.1245822 0.0675111
0.1186788 0.0662820
0.1129017 0.0650123
0.1072527 0.0637039
0.1017337 0.0623585
0.0963463 0.0609779
0.0910923 0.0595638
0.0859733 0.0581181
0.0809909 0.0566426
0.0761466 0.0551389
0.0714418 0.0536090
0.0668779 0.0520546
0.0624562 0.0504774
0.0581780 0.0488792
0.0540445 0.0472618
0.0500567 0.0456268
0.0462159 0.0439760
0.0425229 0.0423109
0.0389787 0.0406332
0.0355842 0.0389445
0.0323403 0.0372464
0.0292477 0.0355404
0.0263070 0.0338279
0.0235191 0.0321104
0.0208844 0.0303892
0.0184034 0.0286657
0.0160767 0.0269411
0.0139046 0.0252167
0.0118876 0.0234936
0.0100259 0.0217729
0.0083198 0.0200557
0.0067695 0.0183428
0.0053751 0.0166353
0.0041366 0.0149339
0.0030543 0.0132394
0.0021279 0.0115525
0.0013575 0.0098739
0.0007429 0.0082040
0.0002841 0.0065433
-0.0000194 0.0048923
-0.0001677 0.0032513
-0.0001611 0.0016204
0.0000000 0.0000000
0.0003134 -0.0015980
0.0007768 -0.0031615
0.0013899 -0.0046905
0.0021519 -0.0061850
0.0030624 -0.0076450
0.0041206 -0.0090705
0.0053259 -0.0104615
0.0066777 -0.0118182
0.0081750 -0.0131407
0.0098172 -0.0144289
0.0116033 -0.0156831
0.0135326 -0.0169034
0.0156040 -0.0180900
0.0178167 -0.0192430
0.0201695 -0.0203627
0.0226616 -0.0214492
0.0252918 -0.0225028
0.0280591 -0.0235238
0.0309623 -0.0245125
0.0340003 -0.0254692
0.0371719 -0.0263942
0.0404758 -0.0272878
0.0439109 -0.0281505
0.0474758 -0.0289826
0.0511693 -0.0297845
0.0549901 -0.0305568
0.0589367 -0.0312998
0.0630079 -0.0320140
0.0672023 -0.0327000
0.0715184 -0.0333584
0.0759548 -0.0339896
0.0805101 -0.0345942
0.0851828 -0.0351729
0.0899715 -0.0357264
0.0948746 -0.0362552
0.0998907 -0.0367600
0.1050182 -0.0372417
0.1102556 -0.0377008
0.1156013 -0.0381382
0.1210539 -0.0385547
0.1266116 -0.0389510
0.1322730 -0.0393280
0.1380364 -0.0396866
0.1439003 -0.0400277
0.1498629 -0.0403521
0.1559228 -0.0406608
0.1620783 -0.0409547
0.1683276 -0.0412348
0.1746693 -0.0415022
0.1811015 -0.0417577
0.1876227 -0.0420024
0.1942311 -0.0422374
0.2009251 -0.0424638
0.2077029 -0.0426825
0.2145628 -0.0428948
0.2215031 -0.0431017
0.2285221 -0.0433042
0.2356180 -0.0435037
0.2427890 -0.0437010
0.2500334 -0.0438975
0.2575676 -0.0440831
0.2652048 -0.0442408
0.2729132 -0.0443709
0.2806903 -0.0444737
0.2885339 -0.0445495
0.2964417 -0.0445987
0.3044112 -0.0446218
0.3124401 -0.0446193
0.3205260 -0.0445915
0.3286664 -0.0445389
0.3368590 -0.0444620
0.3451013 -0.0443614
0.3533908 -0.0442376
0.3617251 -0.0440911
0.3701016 -0.0439225
0.3785179 -0.0437323
0.3869713 -0.0435210
0.3954595 -0.0432894
0.4039798 -0.0430380
0.4125297 -0.0427673
0.4211066 -0.0424780
0.4297079 -0.0421707
0.4383311 -0.0418460
0.4469736 -0.0415046
0.4556327 -0.0411470
0.4643059 -0.0407738
0.4729905 -0.0403857
0.4816840 -0.0399833
0.4903837 -0.0395672
0.4990869 -0.0391380
0.5077911 -0.0386964
0.5164937 -0.0382428
0.5251919 -0.0377779
0.5338832 -0.0373024
0.5425649 -0.0368167
0.5512344 -0.0363214
0.5598891 -0.0358172
0.5685263 -0.0353045
0.5771435 -0.0347839
0.5857380 -0.0342559
0.5943072 -0.0337211
0.6028484 -0.0331800
0.6113592 -0.0326331
0.6198369 -0.0320809
0.6282789 -0.0315238
0.6366827 -0.0309624
0.6450457 -0.0303970
0.6533653 -0.0298282
0.6616390 -0.0292564
0.6698643 -0.0286821
0.6780386 -0.0281056
0.6861595 -0.0275273
0.6942245 -0.0269477
0.7022311 -0.0263672
0.7101769 -0.0257861
0.7180593 -0.0252048
0.7258761 -0.0246237
0.7336248 -0.0240432
0.7413030 -0.0234635
0.7489083 -0.0228851
0.7564385 -0.0223082
0.7638912 -0.0217333
0.7712641 -0.0211606
0.7785550 -0.0205904
0.7857616 -0.0200231
0.7928816 -0.0194590
0.7999129 -0.0188984
0.8068533 -0.0183415
0.8137007 -0.0177888
0.8204530 -0.0172404
0.8271080 -0.0166967
0.8336637 -0.0161579
0.8401181 -0.0156245
0.8464692 -0.0150965
0.8527149 -0.0145744
0.8588534 -0.0140584
0.8648828 -0.0135488
0.8708012 -0.0130458
0.8766067 -0.0125498
0.8822975 -0.0120611
0.8878719 -0.0115798
0.8933281 -0.0111063
0.8986645 -0.0106409
0.9038793 -0.0101838
0.9089709 -0.0097353
0.9139378 -0.0092957
0.9187784 -0.0088653
0.9234912 -0.0084442
0.9280746 -0.0080328
0.9325273 -0.0076314
0.9368479 -0.0072402
0.9410350 -0.0068594
0.9450873 -0.0064894
0.9490035 -0.0061303
0.9527823 -0.0057825
0.9564227 -0.0054460
0.9599235 -0.0051213
0.9632835 -0.0048086
0.9665017 -0.0045079
0.9695771 -0.0042197
0.9725087 -0.0039440
0.9752956 -0.0036812
0.9779368 -0.0034313
0.9804317 -0.0031946
0.9827793 -0.0029713
0.9849790 -0.0027616
0.9870300 -0.0025655
0.9889317 -0.0023834
0.9906835 -0.0022152
0.9922848 -0.0020612
0.9937352 -0.0019215
0.9950341 -0.0017962
0.9961812 -0.0016854
0.9971761 -0.0015891
0.9980185 -0.0015075
0.9987080 -0.0014407
0.9992446 -0.0013887
0.9996279 -0.0013515
0.9998580 -0.0013291
0.9999347 -0.0013217
