AIRFOIL_LNY
1.0000227 0.0011572
0.9999467 0.0011685
0.9997189 0.0012024
0.9993392 0.0012589
0.9988077 0.0013379
0.9981247 0.0014394
0.9972904 0.0015632
0.9963049 0.0017092
0.9951687 0.0018774
0.9938819 0.0020675
0.9924451 0.0022794
0.9908586 0.0025129
0.9891229 0.0027678
0.9872385 0.0030439
0.9852061 0.0033409
0.9830261 0.0036586
0.9806993 0.0039966
0.9782264 0.0043548
0.9756080 0.0047327
0.9728451 0.0051301
0.9699383 0.0055466
0.9668886 0.0059819
0.9636969 0.0064355
0.9603642 0.0069072
0.9568914 0.0073965
0.9532796 0.0079030
0.9495299 0.0084264
0.9456433 0.0089661
0.9416212 0.0095217
0.9374646 0.0100929
0.9331748 0.0106791
0.9287532 0.0112798
0.9242009 0.0118947
0.9195195 0.0125233
0.9147104 0.0131649
0.9097748 0.0138193
0.9047145 0.0144858
0.8995308 0.0151640
0.8942253 0.0158533
0.8887997 0.0165533
0.8832556 0.0172635
0.8775946 0.0179832
0.8718184 0.0187121
0.8659289 0.0194496
0.8599277 0.0201952
0.8538167 0.0209483
0.8475977 0.0217085
0.8412727 0.0224751
0.8348434 0.0232477
0.8283119 0.0240257
0.8216802 0.0248086
0.8149502 0.0255959
0.8081239 0.0263870
0.8012036 0.0271814
0.7941911 0.0279786
0.7870887 0.0287780
0.7798986 0.0295791
0.7726228 0.0303813
0.7652637 0.0311841
0.7578233 0.0319869
0.7503041 0.0327893
0.7427082 0.0335907
0.7350380 0.0343904
0.7272958 0.0351881
0.7194840 0.0359831
0.7116049 0.0367748
0.7036609 0.0375628
0.6956545 0.0383464
0.6875880 0.0391252
0.6794640 0.0398985
0.6712848 0.0406657
0.6630530 0.0414265
0.6547712 0.0421800
0.6464417 0.0429259
0.6380672 0.0436635
0.6296502 0.0443923
0.6211932 0.0451116
0.6126989 0.0458209
0.6041699 0.0465197
0.5956086 0.0472073
0.5870178 0.0478832
0.5784001 0.0485468
0.5697581 0.0491975
0.5610945 0.0498347
0.5524118 0.0504578
0.5437128 0.0510663
0.5350000 0.0516596
0.5262763 0.0522371
0.5175441 0.0527982
0.5088063 0.0533424
0.5000655 0.0538691
0.4913243 0.0543776
0.4825854 0.0548675
0.4738516 0.0553381
0.4651254 0.0557890
0.4564053 0.0562193
0.4476969 0.0566278
0.4390042 0.0570140
0.4303297 0.0573773
0.4216762 0.0577172
0.4130464 0.0580333
0.4044428 0.0583250
0.3958682 0.0585919
0.3873252 0.0588335
0.3788164 0.0590494
0.3703444 0.0592392
0.3619119 0.0594025
0.3535214 0.0595388
0.3451756 0.0596479
0.3368770 0.0597292
0.3286281 0.0597827
0.3204316 0.0598078
0.3122900 0.0598043
0.3042057 0.0597721
0.2961813 0.0597107
0.2882192 0.0596201
0.2803219 0.0594999
0.2724919 0.0593502
0.2647315 0.0591706
0.2570431 0.0589612
0.2494292 0.0587217
0.2418921 0.0584522
0.2344341 0.0581527
0.2270575 0.0578231
0.2197646 0.0574634
0.2125576 0.0570737
0.2054388 0.0566541
0.1984103 0.0562047
0.1914744 0.0557256
0.1846331 0.0552171
0.1778885 0.0546792
0.1712428 0.0541122
0.1646981 0.0535164
0.1582562 0.0528920
0.1519191 0.0522393
0.1456890 0.0515587
0.1395675 0.0508505
0.1335567 0.0501150
0.1276583 0.0493527
0.1218742 0.0485641
0.1162062 0.0477494
0.1106559 0.0469092
0.1052251 0.0460440
0.0999154 0.0451542
0.0947285 0.0442404
0.0896659 0.0433031
0.0847292 0.0423428
0.0799199 0.0413600
0.0752394 0.0403554
0.0706892 0.0393296
0.0662706 0.0382830
0.0619850 0.0372162
0.0578336 0.0361299
0.0538178 0.0350247
0.0499387 0.0339011
0.0461976 0.0327597
0.0425955 0.0316012
0.0391334 0.0304261
0.0358126 0.0292349
0.0326339 0.0280284
0.0295982 0.0268070
0.0267066 0.0255712
0.0239599 0.0243217
0.0213588 0.0230590
0.0189042 0.0217836
0.0165968 0.0204960
0.0144372 0.0191967
0.0124261 0.0178861
0.0105641 0.0165648
0.0088517 0.0152330
0.0072894 0.0138914
0.0058778 0.0125402
0.0046170 0.0111797
0.0035077 0.0098104
0.0025500 0.0084326
0.0017442 0.0070464
0.0010905 0.0056523
0.0005891 0.0042504
0.0002402 0.0028409
0.0000438 0.0014241
0.0000000 0.0000000
0.0001085 -0.0014206
0.0003689 -0.0028271
0.0007813 -0.0042193
0.0013455 -0.0055970
0.0020611 -0.0069601
0.0029281 -0.0083084
0.0039462 -0.0096417
0.0051149 -0.0109597
0.0064339 -0.0122622
0.0079028 -0.0135490
0.0095211 -0.0148197
0.0112883 -0.0160740
0.0132038 -0.0173117
0.0152671 -0.0185325
0.0174774 -0.0197359
0.0198341 -0.0209217
0.0223364 -0.0220895
0.0249836 -0.0232389
0.0277748 -0.0243695
0.0307091 -0.0254811
0.0337857 -0.0265731
0.0370036 -0.0276452
0.0403617 -0.0286971
0.0438591 -0.0297282
0.0474946 -0.0307382
0.0512672 -0.0317268
0.0551757 -0.0326935
0.0592188 -0.0336380
0.0633953 -0.0345598
0.0677040 -0.0354585
0.0721435 -0.0363339
0.0767125 -0.0371855
0.0814095 -0.0380131
0.0862332 -0.0388161
0.0911820 -0.0395945
0.0962545 -0.0403477
0.1014490 -0.0410756
0.1067641 -0.0417778
0.1121981 -0.0424540
0.1177494 -0.0431041
0.1234162 -0.0437278
0.1291969 -0.0443250
0.1350896 -0.0448953
0.1410927 -0.0454387
0.1472043 -0.0459549
0.1534225 -0.0464440
0.1597455 -0.0469058
0.1661713 -0.0473402
0.1726981 -0.0477472
0.1793239 -0.0481267
0.1860466 -0.0484788
0.1928642 -0.0488035
0.1997747 -0.0491008
0.2067760 -0.0493708
0.2138660 -0.0496137
0.2210425 -0.0498295
0.2283035 -0.0500184
0.2356466 -0.0501807
0.2430698 -0.0503164
0.2505708 -0.0504258
0.2581472 -0.0505092
0.2657970 -0.0505668
0.2735176 -0.0505990
0.2813070 -0.0506061
0.2891626 -0.0505883
0.2970821 -0.0505461
0.3050632 -0.0504798
0.3131034 -0.0503899
0.3212004 -0.0502767
0.3293517 -0.0501407
0.3375549 -0.0499823
0.3458074 -0.0498020
0.3541069 -0.0496003
0.3624508 -0.0493776
0.3708366 -0.0491345
0.3792617 -0.0488715
0.3877238 -0.0485890
0.3962201 -0.0482877
0.4047482 -0.0479681
0.4133054 -0.0476307
0.4218893 -0.0472761
0.4304972 -0.0469047
0.4391265 -0.0465173
0.4477746 -0.0461144
0.4564389 -0.0456965
0.4651181 -0.0452641
0.4738125 -0.0448172
0.4825151 -0.0443561
0.4912233 -0.0438814
0.4999345 -0.0433936
0.5086461 -0.0428932
0.5173554 -0.0423809
0.5260597 -0.0418571
0.5347565 -0.0413225
0.5434430 -0.0407775
0.5521167 -0.0402228
0.5607749 -0.0396588
0.5694150 -0.0390861
0.5780343 -0.0385053
0.5866303 -0.0379167
0.5952004 -0.0373210
0.6037418 -0.0367187
0.6122521 -0.0361102
0.6207287 -0.0354960
0.6291689 -0.0348767
0.6375702 -0.0342526
0.6459300 -0.0336243
0.6542458 -0.0329923
0.6625151 -0.0323568
0.6707353 -0.0317185
0.6789040 -0.0310778
0.6870186 -0.0304350
0.6950767 -0.0297906
0.7030757 -0.0291451
0.7110134 -0.0284987
0.7188871 -0.0278520
0.7266947 -0.0272053
0.7344335 -0.0265590
0.7421014 -0.0259135
0.7496959 -0.0252692
0.7572147 -0.0246264
0.7646556 -0.0239855
0.7720162 -0.0233469
0.7792943 -0.0227110
0.7864877 -0.0220780
0.7935941 -0.0214484
0.8006115 -0.0208225
0.8075375 -0.0202006
0.8143702 -0.0195831
0.8211074 -0.0189704
0.8277471 -0.0183627
0.8342872 -0.0177604
0.8407257 -0.0171639
0.8470606 -0.0165734
0.8532901 -0.0159893
0.8594121 -0.0154120
0.8654248 -0.0148417
0.8713264 -0.0142788
0.8771150 -0.0137236
0.8827889 -0.0131764
0.8883462 -0.0126376
0.8937854 -0.0121075
0.8991047 -0.0115864
0.9043025 -0.0110745
0.9093772 -0.0105723
0.9143272 -0.0100800
0.9191510 -0.0095980
0.9238471 -0.0091265
0.9284141 -0.0086659
0.9328506 -0.0082164
0.9371551 -0.0077783
0.9413264 -0.0073520
0.9453632 -0.0069377
0.9492642 -0.0065357
0.9530282 -0.0061463
0.9566541 -0.0057698
0.9601407 -0.0054064
0.9634869 -0.0050564
0.9666918 -0.0047200
0.9697543 -0.0043975
0.9726735 -0.0040891
0.9754485 -0.0037950
0.9780784 -0.0035156
0.9805624 -0.0032509
0.9828997 -0.0030012
0.9850897 -0.0027666
0.9871315 -0.0025474
0.9890247 -0.0023438
0.9907686 -0.0021558
0.9923627 -0.0019837
0.9938064 -0.0018275
0.9950994 -0.0016874
0.9962412 -0.0015636
0.9972315 -0.0014560
0.9980700 -0.0013649
0.9987563 -0.0012902
0.9992904 -0.0012321
0.9996720 -0.0011905
0.9999010 -0.0011655
0.9999773 -0.0011572
