AIRFOIL_LNY
1.0002044 0.0012825
1.0001300 0.0013055
0.9999067 0.0013746
0.9995346 0.0014895
0.9990137 0.0016504
0.9983443 0.0018569
0.9975265 0.0021089
0.9965605 0.0024062
0.9954466 0.0027484
0.9941850 0.0031354
0.9927761 0.0035666
0.9912202 0.0040418
0.9895178 0.0045605
0.9876693 0.0051222
0.9856752 0.0057263
0.9835359 0.0063724
0.9812522 0.0070599
0.9788245 0.0077881
0.9762535 0.0085564
0.9735399 0.0093640
0.9706844 0.0102103
0.9676878 0.0110945
0.9645509 0.0120158
0.9612744 0.0129734
0.9578593 0.0139664
0.9543065 0.0149940
0.9506170 0.0160553
0.9467917 0.0171493
0.9428316 0.0182750
0.9387379 0.0194316
0.9345117 0.0206180
0.9301540 0.0218331
0.9256662 0.0230761
0.9210494 0.0243457
0.9163048 0.0256409
0.9114339 0.0269607
0.9064379 0.0283039
0.9013182 0.0296694
0.8960762 0.0310561
0.8907135 0.0324628
0.8852314 0.0338884
0.8796316 0.0353317
0.8739156 0.0367915
0.8680850 0.0382667
0.8621414 0.0397561
0.8560865 0.0412585
0.8499222 0.0427727
0.8436500 0.0442974
0.8372718 0.0458316
0.8307894 0.0473739
0.8242047 0.0489232
0.8175195 0.0504782
0.8107359 0.0520379
0.8038556 0.0536008
0.7968808 0.0551660
0.7898135 0.0567320
0.7826557 0.0582978
0.7754094 0.0598622
0.7680769 0.0614240
0.7606603 0.0629819
0.7531617 0.0645348
0.7455833 0.0660815
0.7379274 0.0676208
0.7301963 0.0691517
0.7223922 0.0706729
0.7145175 0.0721832
0.7065744 0.0736817
0.6985655 0.0751670
0.6904929 0.0766381
0.6823593 0.0780939
0.6741670 0.0795333
0.6659185 0.0809552
0.6576162 0.0823585
0.6492628 0.0837422
0.6408607 0.0851052
0.6324124 0.0864464
0.6239206 0.0877648
0.6153879 0.0890595
0.6068168 0.0903294
0.5982099 0.0915735
0.5895700 0.0927909
0.5808997 0.0939805
0.5722016 0.0951416
0.5634785 0.0962731
0.5547330 0.0973741
0.5459679 0.0984438
0.5371859 0.0994814
0.5283898 0.1004859
0.5195823 0.1014565
0.5107661 0.1023925
0.5019440 0.1032931
0.4931189 0.1041575
0.4842935 0.1049850
0.4754706 0.1057748
0.4666529 0.1065264
0.4578434 0.1072391
0.4490447 0.1079122
0.4402598 0.1085451
0.4314914 0.1091374
0.4227423 0.1096884
0.4140153 0.1101976
0.4053133 0.1106647
0.3966390 0.1110891
0.3879953 0.1114704
0.3793849 0.1118084
0.3708107 0.1121025
0.3622754 0.1123527
0.3537079 0.1125571
0.3449709 0.1126870
0.3362815 0.1127312
0.3276429 0.1126902
0.3190584 0.1125649
0.3105312 0.1123558
0.3020646 0.1120640
0.2936619 0.1116903
0.2853261 0.1112358
0.2770605 0.1107017
0.2688683 0.1100891
0.2607524 0.1093993
0.2527160 0.1086338
0.2447622 0.1077939
0.2368940 0.1068813
0.2291142 0.1058975
0.2214258 0.1048443
0.2138318 0.1037234
0.2063348 0.1025366
0.1989378 0.1012858
0.1916433 0.0999729
0.1844542 0.0986001
0.1773729 0.0971693
0.1704021 0.0956826
0.1635442 0.0941423
0.1568018 0.0925506
0.1501770 0.0909096
0.1436724 0.0892218
0.1372901 0.0874893
0.1310323 0.0857147
0.1249010 0.0839002
0.1188985 0.0820482
0.1130266 0.0801613
0.1072872 0.0782417
0.1016822 0.0762920
0.0962134 0.0743146
0.0908825 0.0723119
0.0856911 0.0702865
0.0806407 0.0682406
0.0757329 0.0661769
0.0709690 0.0640976
0.0663505 0.0620051
0.0618787 0.0599019
0.0575546 0.0577903
0.0533796 0.0556726
0.0493546 0.0535510
0.0454807 0.0514277
0.0417588 0.0493051
0.0381898 0.0471852
0.0347746 0.0450701
0.0315138 0.0429618
0.0284082 0.0408624
0.0254584 0.0387737
0.0226650 0.0366977
0.0200284 0.0346360
0.0175492 0.0325904
0.0152277 0.0305626
0.0130642 0.0285542
0.0110590 0.0265665
0.0092123 0.0246011
0.0075244 0.0226592
0.0059952 0.0207421
0.0046249 0.0188510
0.0034134 0.0169869
0.0023607 0.0151508
0.0014668 0.0133436
0.0007314 0.0115660
0.0001543 0.0098188
-0.0002646 0.0081026
-0.0005258 0.0064178
-0.0006295 0.0047649
-0.0005761 0.0031442
-0.0003661 0.0015558
0.0000000 0.0000000
0.0005184 -0.0015119
0.0011853 -0.0029686
0.0020000 -0.0043701
0.0029617 -0.0057165
0.0040699 -0.0070081
0.0053238 -0.0082450
0.0067225 -0.0094276
0.0082652 -0.0105561
0.0099509 -0.0116309
0.0117789 -0.0126523
0.0137480 -0.0136207
0.0158572 -0.0145367
0.0181056 -0.0154006
0.0204919 -0.0162131
0.0230152 -0.0169747
0.0256741 -0.0176861
0.0284676 -0.0183477
0.0313943 -0.0189604
0.0344530 -0.0195249
0.0376424 -0.0200418
0.0409611 -0.0205120
0.0444079 -0.0209363
0.0479813 -0.0213156
0.0516800 -0.0216507
0.0555024 -0.0219426
0.0594472 -0.0221922
0.0635128 -0.0224004
0.0676978 -0.0225685
0.0720007 -0.0226973
0.0764200 -0.0227879
0.0809540 -0.0228415
0.0856014 -0.0228593
0.0903604 -0.0228423
0.0952295 -0.0227918
0.1002073 -0.0227091
0.1052919 -0.0225953
0.1104820 -0.0224518
0.1157758 -0.0222798
0.1211718 -0.0220808
0.1266683 -0.0218560
0.1322638 -0.0216070
0.1379567 -0.0213349
0.1437453 -0.0210414
0.1496279 -0.0207278
0.1556031 -0.0203957
0.1616692 -0.0200464
0.1678246 -0.0196816
0.1740676 -0.0193027
0.1803967 -0.0189113
0.1868103 -0.0185090
0.1933067 -0.0180972
0.1998844 -0.0176777
0.2065417 -0.0172519
0.2132770 -0.0168216
0.2200887 -0.0163882
0.2269753 -0.0159534
0.2339351 -0.0155189
0.2409666 -0.0150862
0.2480680 -0.0146569
0.2552378 -0.0142328
0.2624743 -0.0138153
0.2697760 -0.0134062
0.2771412 -0.0130070
0.2845683 -0.0126192
0.2920556 -0.0122446
0.2996015 -0.0118847
0.3072042 -0.0115409
0.3148622 -0.0112150
0.3225737 -0.0109083
0.3303370 -0.0106223
0.3381504 -0.0103587
0.3460121 -0.0101187
0.3539204 -0.0099038
0.3620873 -0.0097052
0.3703703 -0.0094985
0.3786932 -0.0092832
0.3870536 -0.0090600
0.3954493 -0.0088298
0.4038777 -0.0085932
0.4123365 -0.0083509
0.4208233 -0.0081038
0.4293355 -0.0078524
0.4378709 -0.0075976
0.4464268 -0.0073399
0.4550009 -0.0070801
0.4635906 -0.0068188
0.4721935 -0.0065566
0.4808070 -0.0062942
0.4894287 -0.0060322
0.4980560 -0.0057711
0.5066863 -0.0055116
0.5153172 -0.0052541
0.5239462 -0.0049992
0.5325705 -0.0047473
0.5411878 -0.0044990
0.5497954 -0.0042546
0.5583909 -0.0040147
0.5669715 -0.0037795
0.5755348 -0.0035495
0.5840782 -0.0033251
0.5925991 -0.0031065
0.6010949 -0.0028940
0.6095632 -0.0026879
0.6180013 -0.0024885
0.6264066 -0.0022959
0.6347767 -0.0021104
0.6431089 -0.0019321
0.6514007 -0.0017612
0.6596497 -0.0015978
0.6678531 -0.0014419
0.6760086 -0.0012937
0.6841136 -0.0011533
0.6921657 -0.0010205
0.7001622 -0.0008955
0.7081008 -0.0007782
0.7159789 -0.0006686
0.7237942 -0.0005666
0.7315441 -0.0004722
0.7392263 -0.0003853
0.7468383 -0.0003057
0.7543778 -0.0002333
0.7618423 -0.0001680
0.7692296 -0.0001097
0.7765372 -0.0000582
0.7837629 -0.0000132
0.7909044 0.0000253
0.7979594 0.0000577
0.8049256 0.0000840
0.8118009 0.0001045
0.8185829 0.0001195
0.8252696 0.0001292
0.8318588 0.0001337
0.8383484 0.0001334
0.8447362 0.0001285
0.8510202 0.0001192
0.8571984 0.0001058
0.8632687 0.0000886
0.8692293 0.0000678
0.8750780 0.0000435
0.8808130 0.0000162
0.8864325 -0.0000139
0.8919345 -0.0000467
0.8973173 -0.0000818
0.9025791 -0.0001190
0.9077182 -0.0001581
0.9127328 -0.0001989
0.9176212 -0.0002410
0.9223819 -0.0002844
0.9270133 -0.0003287
0.9315137 -0.0003737
0.9358818 -0.0004193
0.9401160 -0.0004653
0.9442149 -0.0005113
0.9481771 -0.0005574
0.9520013 -0.0006032
0.9556861 -0.0006485
0.9592304 -0.0006933
0.9626330 -0.0007374
0.9658926 -0.0007806
0.9690082 -0.0008227
0.9719786 -0.0008636
0.9748030 -0.0009033
0.9774803 -0.0009415
0.9800095 -0.0009781
0.9823899 -0.0010130
0.9846206 -0.0010462
0.9867008 -0.0010775
0.9886298 -0.0011069
0.9904070 -0.0011342
0.9920317 -0.0011594
0.9935033 -0.0011823
0.9948215 -0.0012031
0.9959856 -0.0012215
0.9969954 -0.0012376
0.9978504 -0.0012512
0.9985503 -0.0012625
0.9990950 -0.0012712
0.9994842 -0.0012775
0.9997177 -0.0012813
0.9997956 -0.0012825
