AIRFOIL_LNY
1.0001641 0.0014855
1.0000894 0.0015065
0.9998650 0.0015696
0.9994912 0.0016745
0.9989680 0.0018213
0.9982956 0.0020099
0.9974741 0.0022399
0.9965038 0.0025113
0.9953848 0.0028238
0.9941176 0.0031770
0.9927024 0.0035706
0.9911397 0.0040044
0.9894298 0.0044778
0.9875732 0.0049905
0.9855704 0.0055420
0.9834220 0.0061317
0.9811284 0.0067591
0.9786904 0.0074237
0.9761086 0.0081249
0.9733837 0.0088619
0.9705165 0.0096343
0.9675076 0.0104411
0.9643580 0.0112819
0.9610684 0.0121557
0.9576399 0.0130618
0.9540732 0.0139995
0.9503695 0.0149678
0.9465297 0.0159661
0.9425549 0.0169933
0.9384461 0.0180486
0.9342045 0.0191312
0.9298314 0.0202400
0.9253278 0.0213742
0.9206951 0.0225327
0.9159345 0.0237147
0.9110474 0.0249192
0.9060352 0.0261450
0.9008992 0.0273913
0.8956409 0.0286570
0.8902619 0.0299412
0.8847635 0.0312426
0.8791474 0.0325604
0.8734152 0.0338934
0.8675685 0.0352406
0.8616089 0.0366010
0.8555383 0.0379734
0.8493582 0.0393568
0.8430706 0.0407501
0.8366772 0.0421523
0.8301798 0.0435622
0.8235804 0.0449788
0.8168808 0.0464010
0.8100831 0.0478277
0.8031891 0.0492578
0.7962009 0.0506903
0.7891206 0.0521241
0.7819502 0.0535581
0.7746918 0.0549911
0.7673475 0.0564223
0.7599197 0.0578504
0.7524103 0.0592744
0.7448217 0.0606932
0.7371560 0.0621058
0.7294157 0.0635112
0.7216030 0.0649082
0.7137201 0.0662958
0.7057696 0.0676730
0.6977537 0.0690388
0.6896749 0.0703920
0.6815355 0.0717318
0.6733382 0.0730570
0.6650852 0.0743666
0.6567792 0.0756597
0.6484226 0.0769352
0.6400180 0.0781921
0.6315680 0.0794295
0.6230751 0.0806463
0.6145418 0.0818417
0.6059710 0.0830146
0.5973650 0.0841640
0.5887267 0.0852891
0.5800586 0.0863889
0.5713635 0.0874625
0.5626440 0.0885089
0.5539028 0.0895274
0.5451426 0.0905169
0.5363663 0.0914766
0.5275764 0.0924057
0.5187758 0.0933032
0.5099671 0.0941685
0.5011533 0.0950007
0.4923369 0.0957989
0.4835209 0.0965624
0.4747079 0.0972905
0.4659009 0.0979824
0.4571024 0.0986374
0.4483154 0.0992548
0.4395427 0.0998340
0.4307869 0.1003743
0.4220510 0.1008750
0.4133377 0.1013357
0.4046497 0.1017557
0.3959225 0.1021323
0.3871579 0.1024521
0.3784263 0.1027125
0.3697308 0.1029133
0.3610742 0.1030544
0.3524597 0.1031357
0.3438902 0.1031570
0.3353686 0.1031185
0.3268979 0.1030201
0.3184811 0.1028619
0.3101210 0.1026442
0.3018205 0.1023671
0.2935827 0.1020310
0.2854102 0.1016362
0.2773061 0.1011830
0.2692730 0.1006720
0.2613139 0.1001036
0.2534314 0.0994785
0.2456284 0.0987972
0.2379075 0.0980605
0.2302714 0.0972690
0.2227228 0.0964236
0.2152642 0.0955251
0.2078983 0.0945744
0.2006277 0.0935725
0.1934547 0.0925203
0.1863818 0.0914189
0.1794115 0.0902694
0.1725462 0.0890729
0.1657881 0.0878306
0.1591395 0.0865437
0.1526027 0.0852135
0.1461799 0.0838412
0.1398731 0.0824283
0.1336845 0.0809760
0.1276160 0.0794857
0.1216698 0.0779590
0.1158475 0.0763972
0.1101513 0.0748018
0.1045827 0.0731742
0.0991437 0.0715161
0.0938359 0.0698288
0.0886609 0.0681140
0.0836204 0.0663732
0.0787158 0.0646080
0.0739486 0.0628198
0.0693203 0.0610103
0.0648322 0.0591810
0.0604855 0.0573333
0.0562816 0.0554690
0.0522216 0.0535894
0.0483066 0.0516961
0.0445377 0.0497906
0.0409160 0.0478743
0.0374422 0.0459488
0.0341175 0.0440152
0.0309425 0.0420752
0.0279180 0.0401300
0.0250449 0.0381810
0.0223237 0.0362293
0.0197552 0.0342763
0.0173397 0.0323232
0.0150779 0.0303711
0.0129703 0.0284210
0.0110171 0.0264741
0.0092188 0.0245314
0.0075756 0.0225937
0.0060879 0.0206620
0.0047557 0.0187371
0.0035793 0.0168197
0.0025587 0.0149107
0.0016941 0.0130105
0.0009853 0.0111199
0.0004323 0.0092393
0.0000351 0.0073691
-0.0002065 0.0055099
-0.0002927 0.0036617
-0.0002238 0.0018251
0.0000000 0.0000000
0.0003761 -0.0017999
0.0009019 -0.0035609
0.0015770 -0.0052832
0.0024008 -0.0069665
0.0033730 -0.0086109
0.0044928 -0.0102162
0.0057598 -0.0117825
0.0071732 -0.0133096
0.0087324 -0.0147975
0.0104365 -0.0162462
0.0122850 -0.0176556
0.0142768 -0.0190258
0.0164112 -0.0203568
0.0186872 -0.0216484
0.0211039 -0.0229008
0.0236604 -0.0241139
0.0263555 -0.0252878
0.0291883 -0.0264224
0.0321577 -0.0275179
0.0352625 -0.0285743
0.0385015 -0.0295917
0.0418737 -0.0305702
0.0453777 -0.0315098
0.0490123 -0.0324107
0.0527763 -0.0332731
0.0566682 -0.0340970
0.0606869 -0.0348827
0.0648308 -0.0356303
0.0690987 -0.0363401
0.0734891 -0.0370122
0.0780005 -0.0376470
0.0826316 -0.0382448
0.0873808 -0.0388058
0.0922466 -0.0393303
0.0972276 -0.0398187
0.1023221 -0.0402715
0.1075286 -0.0406889
0.1128455 -0.0410714
0.1182713 -0.0414195
0.1238043 -0.0417337
0.1294429 -0.0420145
0.1351854 -0.0422623
0.1410303 -0.0424778
0.1469757 -0.0426616
0.1530201 -0.0428143
0.1591617 -0.0429365
0.1653989 -0.0430290
0.1717299 -0.0430924
0.1781529 -0.0431274
0.1846662 -0.0431349
0.1912681 -0.0431155
0.1979567 -0.0430702
0.2047303 -0.0429997
0.2115871 -0.0429049
0.2185252 -0.0427867
0.2255429 -0.0426460
0.2326382 -0.0424837
0.2398094 -0.0423008
0.2470545 -0.0420982
0.2543716 -0.0418770
0.2617590 -0.0416380
0.2692145 -0.0413823
0.2767365 -0.0411110
0.2843228 -0.0408250
0.2919715 -0.0405254
0.2996807 -0.0402134
0.3074483 -0.0398898
0.3152724 -0.0395559
0.3231510 -0.0392126
0.3310819 -0.0388610
0.3390632 -0.0385022
0.3470928 -0.0381373
0.3551686 -0.0377673
0.3632884 -0.0373933
0.3714502 -0.0370163
0.3796518 -0.0366373
0.3878910 -0.0362574
0.3961658 -0.0358776
0.4045413 -0.0354969
0.4130141 -0.0351040
0.4215145 -0.0346978
0.4300400 -0.0342791
0.4385880 -0.0338486
0.4471561 -0.0334071
0.4557418 -0.0329554
0.4643427 -0.0324942
0.4729561 -0.0320244
0.4815796 -0.0315465
0.4902107 -0.0310614
0.4988467 -0.0305697
0.5074853 -0.0300721
0.5161237 -0.0295694
0.5247596 -0.0290622
0.5333902 -0.0285511
0.5420131 -0.0280367
0.5506257 -0.0275197
0.5592254 -0.0270007
0.5678096 -0.0264801
0.5763759 -0.0259586
0.5849215 -0.0254368
0.5934440 -0.0249150
0.6019407 -0.0243938
0.6104092 -0.0238736
0.6188468 -0.0233550
0.6272510 -0.0228382
0.6356193 -0.0223238
0.6439491 -0.0218121
0.6522378 -0.0213035
0.6604829 -0.0207982
0.6686820 -0.0202967
0.6768324 -0.0197992
0.6849317 -0.0193060
0.6929774 -0.0188173
0.7009671 -0.0183335
0.7088981 -0.0178548
0.7167682 -0.0173812
0.7245748 -0.0169131
0.7323155 -0.0164507
0.7399880 -0.0159940
0.7475897 -0.0155433
0.7551184 -0.0150986
0.7625717 -0.0146601
0.7699473 -0.0142280
0.7772427 -0.0138022
0.7844559 -0.0133830
0.7915843 -0.0129703
0.7986259 -0.0125643
0.8055784 -0.0121650
0.8124396 -0.0117725
0.8192072 -0.0113868
0.8258792 -0.0110080
0.8324535 -0.0106361
0.8389278 -0.0102711
0.8453002 -0.0099131
0.8515685 -0.0095621
0.8577309 -0.0092182
0.8637852 -0.0088813
0.8697297 -0.0085515
0.8755622 -0.0082289
0.8812810 -0.0079133
0.8868841 -0.0076049
0.8923698 -0.0073036
0.8977363 -0.0070096
0.9029818 -0.0067228
0.9081046 -0.0064432
0.9131031 -0.0061708
0.9179755 -0.0059058
0.9227203 -0.0056480
0.9273359 -0.0053977
0.9318209 -0.0051546
0.9361736 -0.0049190
0.9403927 -0.0046909
0.9444768 -0.0044702
0.9484245 -0.0042571
0.9522345 -0.0040515
0.9559056 -0.0038534
0.9594364 -0.0036631
0.9628259 -0.0034804
0.9660728 -0.0033054
0.9691762 -0.0031382
0.9721348 -0.0029788
0.9749479 -0.0028273
0.9776143 -0.0026836
0.9801333 -0.0025479
0.9825039 -0.0024202
0.9847253 -0.0023005
0.9867969 -0.0021888
0.9887178 -0.0020853
0.9904875 -0.0019899
0.9921053 -0.0019026
0.9935707 -0.0018236
0.9948832 -0.0017528
0.9960424 -0.0016903
0.9970478 -0.0016360
0.9978991 -0.0015901
0.9985960 -0.0015525
0.9991383 -0.0015232
0.9995258 -0.0015023
0.9997583 -0.0014897
0.9998359 -0.0014855
