AIRFOIL_LNY
1.0000146 0.0007061
0.9999386 0.0007137
0.9997105 0.0007364
0.9993305 0.0007742
0.9987986 0.0008270
0.9981150 0.0008949
0.9972800 0.0009778
0.9962936 0.0010755
0.9951564 0.0011880
0.9938686 0.0013153
0.9924305 0.0014571
0.9908427 0.0016134
0.9891056 0.0017840
0.9872197 0.0019688
0.9851856 0.0021676
0.9830039 0.0023802
0.9806753 0.0026065
0.9782005 0.0028463
0.9755801 0.0030993
0.9728151 0.0033653
0.9699063 0.0036442
0.9668544 0.0039356
0.9636605 0.0042393
0.9603255 0.0045552
0.9568504 0.0048828
0.9532363 0.0052220
0.9494842 0.0055724
0.9455953 0.0059339
0.9415708 0.0063060
0.9374119 0.0066885
0.9331198 0.0070811
0.9286958 0.0074835
0.9241413 0.0078953
0.9194577 0.0083163
0.9146463 0.0087461
0.9097087 0.0091845
0.9046462 0.0096309
0.8994605 0.0100852
0.8941532 0.0105470
0.8887257 0.0110160
0.8831798 0.0114917
0.8775172 0.0119739
0.8717396 0.0124623
0.8658486 0.0129563
0.8598461 0.0134558
0.8537340 0.0139604
0.8475140 0.0144696
0.8411881 0.0149832
0.8347582 0.0155008
0.8282262 0.0160220
0.8215941 0.0165464
0.8148639 0.0170738
0.8080377 0.0176038
0.8011175 0.0181359
0.7941055 0.0186699
0.7870037 0.0192053
0.7798143 0.0197418
0.7725395 0.0202791
0.7651816 0.0208168
0.7577427 0.0213545
0.7502251 0.0218919
0.7426311 0.0224285
0.7349630 0.0229641
0.7272231 0.0234982
0.7194138 0.0240306
0.7115375 0.0245607
0.7035965 0.0250884
0.6955933 0.0256131
0.6875303 0.0261346
0.6794099 0.0266524
0.6712347 0.0271662
0.6630071 0.0276756
0.6547297 0.0281803
0.6464049 0.0286799
0.6380352 0.0291739
0.6296233 0.0296622
0.6211717 0.0301441
0.6126829 0.0306195
0.6041596 0.0310878
0.5956043 0.0315488
0.5870197 0.0320021
0.5784084 0.0324473
0.5697730 0.0328839
0.5611161 0.0333118
0.5524403 0.0337303
0.5437484 0.0341393
0.5350430 0.0345384
0.5263267 0.0349271
0.5176022 0.0353051
0.5088721 0.0356720
0.5001391 0.0360275
0.4914060 0.0363712
0.4826753 0.0367028
0.4739497 0.0370218
0.4652318 0.0373281
0.4565245 0.0376211
0.4478302 0.0379007
0.4391517 0.0381664
0.4304916 0.0384179
0.4218526 0.0386550
0.4132373 0.0388772
0.4046483 0.0390844
0.3960883 0.0392762
0.3875599 0.0394522
0.3790657 0.0396124
0.3706083 0.0397563
0.3621902 0.0398837
0.3538142 0.0399945
0.3454618 0.0400856
0.3371565 0.0401545
0.3289009 0.0402009
0.3206975 0.0402248
0.3125489 0.0402261
0.3044575 0.0402047
0.2964259 0.0401606
0.2884566 0.0400938
0.2805521 0.0400043
0.2727148 0.0398921
0.2649471 0.0397573
0.2572514 0.0395999
0.2496302 0.0394199
0.2420857 0.0392176
0.2346204 0.0389931
0.2272365 0.0387464
0.2199364 0.0384778
0.2127222 0.0381874
0.2055963 0.0378755
0.1985607 0.0375423
0.1916178 0.0371880
0.1847696 0.0368130
0.1780183 0.0364174
0.1713660 0.0360016
0.1648146 0.0355660
0.1583663 0.0351108
0.1520230 0.0346365
0.1457867 0.0341434
0.1396593 0.0336318
0.1336426 0.0331023
0.1277386 0.0325552
0.1219490 0.0319910
0.1162756 0.0314100
0.1107202 0.0308129
0.1052844 0.0301999
0.0999700 0.0295717
0.0947785 0.0289286
0.0897115 0.0282713
0.0847706 0.0276001
0.0799572 0.0269156
0.0752730 0.0262184
0.0707191 0.0255088
0.0662971 0.0247875
0.0620083 0.0240549
0.0578540 0.0233116
0.0538354 0.0225581
0.0499537 0.0217949
0.0462101 0.0210224
0.0426058 0.0202413
0.0391417 0.0194520
0.0358190 0.0186550
0.0326386 0.0178507
0.0296015 0.0170397
0.0267086 0.0162224
0.0239607 0.0153992
0.0213586 0.0145706
0.0189032 0.0137371
0.0165950 0.0128990
0.0144349 0.0120566
0.0124234 0.0112105
0.0105611 0.0103609
0.0088485 0.0095082
0.0072862 0.0086528
0.0058745 0.0077948
0.0046139 0.0069346
0.0035047 0.0060725
0.0025473 0.0052086
0.0017418 0.0043433
0.0010886 0.0034766
0.0005877 0.0026088
0.0002392 0.0017400
0.0000433 0.0008704
0.0000000 0.0000000
0.0001090 -0.0008646
0.0003700 -0.0017170
0.0007828 -0.0025570
0.0013474 -0.0033846
0.0020635 -0.0041996
0.0029308 -0.0050020
0.0039491 -0.0057918
0.0051180 -0.0065688
0.0064372 -0.0073328
0.0079061 -0.0080839
0.0095243 -0.0088218
0.0112913 -0.0095465
0.0132066 -0.0102579
0.0152694 -0.0109559
0.0174791 -0.0116402
0.0198351 -0.0123109
0.0223366 -0.0129678
0.0249828 -0.0136107
0.0277728 -0.0142395
0.0307059 -0.0148542
0.0337810 -0.0154546
0.0369971 -0.0160405
0.0403534 -0.0166120
0.0438488 -0.0171688
0.0474821 -0.0177108
0.0512523 -0.0182380
0.0551581 -0.0187502
0.0591984 -0.0192474
0.0633720 -0.0197295
0.0676775 -0.0201964
0.0721136 -0.0206480
0.0766790 -0.0210843
0.0813722 -0.0215052
0.0861919 -0.0219106
0.0911365 -0.0223006
0.0962046 -0.0226751
0.1013945 -0.0230342
0.1067048 -0.0233777
0.1121339 -0.0237058
0.1176800 -0.0240184
0.1233415 -0.0243156
0.1291166 -0.0245974
0.1350037 -0.0248639
0.1410009 -0.0251152
0.1471065 -0.0253513
0.1533186 -0.0255724
0.1596353 -0.0257786
0.1660548 -0.0259700
0.1725750 -0.0261468
0.1791941 -0.0263091
0.1859100 -0.0264571
0.1927207 -0.0265910
0.1996242 -0.0267110
0.2066185 -0.0268172
0.2137014 -0.0269100
0.2208707 -0.0269896
0.2281244 -0.0270561
0.2354603 -0.0271100
0.2428762 -0.0271514
0.2503698 -0.0271807
0.2579390 -0.0271981
0.2655814 -0.0272039
0.2732947 -0.0271985
0.2810767 -0.0271822
0.2889251 -0.0271554
0.2968374 -0.0271183
0.3048114 -0.0270713
0.3128446 -0.0270148
0.3209346 -0.0269492
0.3290790 -0.0268747
0.3372753 -0.0267919
0.3455212 -0.0267010
0.3538141 -0.0266024
0.3621724 -0.0264939
0.3705727 -0.0263733
0.3790124 -0.0262408
0.3874890 -0.0260967
0.3960000 -0.0259413
0.4045427 -0.0257751
0.4131145 -0.0255982
0.4217129 -0.0254112
0.4303353 -0.0252141
0.4389790 -0.0250075
0.4476413 -0.0247916
0.4563198 -0.0245668
0.4650117 -0.0243335
0.4737144 -0.0240918
0.4824253 -0.0238423
0.4911416 -0.0235852
0.4998609 -0.0233209
0.5085803 -0.0230497
0.5172973 -0.0227719
0.5260093 -0.0224879
0.5347135 -0.0221979
0.5434073 -0.0219023
0.5520881 -0.0216015
0.5607533 -0.0212957
0.5694002 -0.0209852
0.5780261 -0.0206704
0.5866285 -0.0203515
0.5952047 -0.0200288
0.6037521 -0.0197027
0.6122682 -0.0193734
0.6207502 -0.0190411
0.6291958 -0.0187062
0.6376021 -0.0183689
0.6459669 -0.0180296
0.6542873 -0.0176883
0.6625610 -0.0173454
0.6707854 -0.0170012
0.6789580 -0.0166558
0.6870763 -0.0163096
0.6951378 -0.0159627
0.7031402 -0.0156153
0.7110808 -0.0152677
0.7189574 -0.0149202
0.7267674 -0.0145728
0.7345086 -0.0142259
0.7421786 -0.0138796
0.7497749 -0.0135341
0.7572954 -0.0131897
0.7647377 -0.0128464
0.7720995 -0.0125046
0.7793786 -0.0121643
0.7865728 -0.0118259
0.7936798 -0.0114894
0.8006975 -0.0111550
0.8076238 -0.0108229
0.8144565 -0.0104934
0.8211935 -0.0101665
0.8278328 -0.0098425
0.8343724 -0.0095214
0.8408102 -0.0092036
0.8471443 -0.0088891
0.8533728 -0.0085781
0.8594937 -0.0082709
0.8655051 -0.0079675
0.8714053 -0.0076681
0.8771924 -0.0073729
0.8828646 -0.0070820
0.8884202 -0.0067957
0.8938576 -0.0065140
0.8991750 -0.0062372
0.9043708 -0.0059654
0.9094434 -0.0056987
0.9143913 -0.0054374
0.9192129 -0.0051816
0.9239068 -0.0049313
0.9284715 -0.0046869
0.9329056 -0.0044485
0.9372078 -0.0042161
0.9413768 -0.0039900
0.9454112 -0.0037703
0.9493098 -0.0035571
0.9530715 -0.0033507
0.9566950 -0.0031510
0.9601794 -0.0029583
0.9635234 -0.0027728
0.9667260 -0.0025945
0.9697864 -0.0024235
0.9727035 -0.0022600
0.9754764 -0.0021042
0.9781043 -0.0019560
0.9805864 -0.0018157
0.9829219 -0.0016834
0.9851101 -0.0015591
0.9871504 -0.0014429
0.9890420 -0.0013350
0.9907845 -0.0012353
0.9923772 -0.0011441
0.9938198 -0.0010614
0.9951117 -0.0009871
0.9962525 -0.0009215
0.9972419 -0.0008645
0.9980797 -0.0008162
0.9987654 -0.0007766
0.9992990 -0.0007458
0.9996803 -0.0007237
0.9999091 -0.0007105
0.9999854 -0.0007061
