AIRFOIL_LNY
1.0003864 0.0014614
1.0003135 0.0014940
1.0000947 0.0015915
0.9997300 0.0017541
0.9992196 0.0019814
0.9985636 0.0022731
0.9977620 0.0026291
0.9968151 0.0030489
0.9957230 0.0035319
0.9944859 0.0040778
0.9931040 0.0046858
0.9915777 0.0053553
0.9899072 0.0060855
0.9880928 0.0068757
0.9861350 0.0077250
0.9840340 0.0086323
0.9817904 0.0095968
0.9794045 0.0106173
0.9768769 0.0116928
0.9742081 0.0128220
0.9713985 0.0140036
0.9684489 0.0152365
0.9653597 0.0165192
0.9621317 0.0178503
0.9587654 0.0192283
0.9552617 0.0206519
0.9516212 0.0221193
0.9478448 0.0236290
0.9439333 0.0251793
0.9398874 0.0267686
0.9357082 0.0283951
0.9313964 0.0300571
0.9269532 0.0317527
0.9223794 0.0334801
0.9176761 0.0352375
0.9128444 0.0370230
0.9078854 0.0388345
0.9028003 0.0406702
0.8975901 0.0425281
0.8922562 0.0444062
0.8867999 0.0463025
0.8812223 0.0482149
0.8755250 0.0501414
0.8697092 0.0520799
0.8637763 0.0540284
0.8577280 0.0559847
0.8515655 0.0579469
0.8452906 0.0599126
0.8389048 0.0618800
0.8324096 0.0638468
0.8258069 0.0658109
0.8190983 0.0677703
0.8122854 0.0697229
0.8053703 0.0716666
0.7983546 0.0735992
0.7912402 0.0755188
0.7840291 0.0774231
0.7767232 0.0793103
0.7693245 0.0811783
0.7618350 0.0830249
0.7542569 0.0848483
0.7465922 0.0866465
0.7388431 0.0884174
0.7310117 0.0901592
0.7231004 0.0918699
0.7151114 0.0935476
0.7070470 0.0951906
0.6989096 0.0967968
0.6907015 0.0983647
0.6824252 0.0998923
0.6740832 0.1013779
0.6656780 0.1028198
0.6572121 0.1042164
0.6486880 0.1055661
0.6401086 0.1068672
0.6314762 0.1081182
0.6227938 0.1093176
0.6140639 0.1104640
0.6052895 0.1115558
0.5964731 0.1125919
0.5876177 0.1135707
0.5787262 0.1144911
0.5698014 0.1153518
0.5608816 0.1161526
0.5520238 0.1169057
0.5431449 0.1176152
0.5342479 0.1182801
0.5253355 0.1188997
0.5164107 0.1194731
0.5074764 0.1199995
0.4985355 0.1204783
0.4895909 0.1209086
0.4806456 0.1212898
0.4717024 0.1216214
0.4627645 0.1219026
0.4538346 0.1221330
0.4449159 0.1223120
0.4360113 0.1224392
0.4271237 0.1225141
0.4182563 0.1225363
0.4094119 0.1225056
0.4005935 0.1224216
0.3918042 0.1222841
0.3830469 0.1220929
0.3743247 0.1218478
0.3656405 0.1215488
0.3569972 0.1211957
0.3483979 0.1207886
0.3398455 0.1203275
0.3313429 0.1198125
0.3228931 0.1192439
0.3144990 0.1186217
0.3061634 0.1179462
0.2978894 0.1172178
0.2896796 0.1164367
0.2815370 0.1156035
0.2734644 0.1147186
0.2654646 0.1137825
0.2575402 0.1127957
0.2496942 0.1117589
0.2419291 0.1106728
0.2342477 0.1095381
0.2266525 0.1083556
0.2191463 0.1071260
0.2117315 0.1058503
0.2044107 0.1045294
0.1971864 0.1031642
0.1900610 0.1017558
0.1830370 0.1003053
0.1761167 0.0988136
0.1693025 0.0972820
0.1625966 0.0957116
0.1560012 0.0941037
0.1495186 0.0924596
0.1431509 0.0907804
0.1369001 0.0890675
0.1307683 0.0873224
0.1247575 0.0855463
0.1188696 0.0837406
0.1131066 0.0819068
0.1074701 0.0800464
0.1019620 0.0781608
0.0965840 0.0762515
0.0913378 0.0743199
0.0862250 0.0723677
0.0812471 0.0703962
0.0764056 0.0684071
0.0717020 0.0664018
0.0671376 0.0643818
0.0627138 0.0623488
0.0584318 0.0603041
0.0542929 0.0582493
0.0502982 0.0561858
0.0464488 0.0541152
0.0427457 0.0520389
0.0391900 0.0499584
0.0357826 0.0478749
0.0325244 0.0457900
0.0294161 0.0437049
0.0264587 0.0416210
0.0236527 0.0395396
0.0209988 0.0374619
0.0184978 0.0353891
0.0161500 0.0333224
0.0139561 0.0312629
0.0119165 0.0292116
0.0100316 0.0271697
0.0083018 0.0251380
0.0067274 0.0231176
0.0053086 0.0211091
0.0040456 0.0191136
0.0029386 0.0171316
0.0019878 0.0151640
0.0011932 0.0132113
0.0005547 0.0112741
0.0000725 0.0093529
-0.0002536 0.0074481
-0.0004238 0.0055602
-0.0004380 0.0036893
-0.0002967 0.0018359
0.0000000 0.0000000
0.0004490 -0.0018047
0.0010472 -0.0035646
0.0017942 -0.0052796
0.0026896 -0.0069496
0.0037328 -0.0085746
0.0049234 -0.0101545
0.0062607 -0.0116893
0.0077441 -0.0131789
0.0093730 -0.0146232
0.0111467 -0.0160222
0.0130643 -0.0173759
0.0151250 -0.0186842
0.0173281 -0.0199471
0.0196726 -0.0211645
0.0221576 -0.0223366
0.0247822 -0.0234631
0.0275452 -0.0245443
0.0304457 -0.0255800
0.0334826 -0.0265703
0.0366547 -0.0275153
0.0399609 -0.0284150
0.0434000 -0.0292694
0.0469708 -0.0300786
0.0506719 -0.0308428
0.0545022 -0.0315620
0.0584602 -0.0322364
0.0625447 -0.0328661
0.0667542 -0.0334513
0.0710874 -0.0339922
0.0755428 -0.0344889
0.0801189 -0.0349418
0.0848143 -0.0353510
0.0896274 -0.0357168
0.0945568 -0.0360396
0.0996008 -0.0363197
0.1047580 -0.0365574
0.1100267 -0.0367531
0.1154052 -0.0369072
0.1208920 -0.0370202
0.1264855 -0.0370925
0.1321839 -0.0371246
0.1379855 -0.0371170
0.1438888 -0.0370703
0.1498919 -0.0369851
0.1559931 -0.0368619
0.1621908 -0.0367015
0.1684830 -0.0365044
0.1748682 -0.0362714
0.1813444 -0.0360032
0.1879099 -0.0357006
0.1945629 -0.0353643
0.2013015 -0.0349951
0.2081239 -0.0345940
0.2150284 -0.0341617
0.2220129 -0.0336991
0.2290756 -0.0332072
0.2362147 -0.0326869
0.2434282 -0.0321392
0.2507142 -0.0315650
0.2580709 -0.0309653
0.2654962 -0.0303413
0.2729882 -0.0296938
0.2805449 -0.0290239
0.2881644 -0.0283328
0.2958447 -0.0276215
0.3035837 -0.0268912
0.3113795 -0.0261428
0.3192300 -0.0253775
0.3271331 -0.0245965
0.3350868 -0.0238009
0.3430889 -0.0229917
0.3511375 -0.0221702
0.3592304 -0.0213375
0.3673654 -0.0204946
0.3755405 -0.0196427
0.3837534 -0.0187829
0.3920020 -0.0179163
0.4002841 -0.0170441
0.4085975 -0.0161673
0.4169400 -0.0152869
0.4253093 -0.0144041
0.4337032 -0.0135199
0.4421194 -0.0126353
0.4505556 -0.0117513
0.4590096 -0.0108689
0.4674791 -0.0099891
0.4759616 -0.0091127
0.4844549 -0.0082408
0.4929567 -0.0073741
0.5014645 -0.0065136
0.5099760 -0.0056600
0.5184887 -0.0048142
0.5270004 -0.0039769
0.5355086 -0.0031489
0.5440108 -0.0023308
0.5525047 -0.0015233
0.5609877 -0.0007271
0.5693717 0.0000529
0.5777082 0.0008042
0.5860304 0.0015256
0.5943359 0.0022168
0.6026222 0.0028773
0.6108871 0.0035071
0.6191281 0.0041057
0.6273428 0.0046732
0.6355288 0.0052094
0.6436837 0.0057142
0.6518049 0.0061876
0.6598902 0.0066299
0.6679369 0.0070409
0.6759427 0.0074210
0.6839051 0.0077703
0.6918216 0.0080890
0.6996897 0.0083777
0.7075069 0.0086364
0.7152707 0.0088658
0.7229788 0.0090662
0.7306285 0.0092382
0.7382174 0.0093822
0.7457431 0.0094989
0.7532030 0.0095889
0.7605948 0.0096529
0.7679158 0.0096914
0.7751638 0.0097054
0.7823362 0.0096954
0.7894307 0.0096623
0.7964447 0.0096070
0.8033760 0.0095302
0.8102221 0.0094328
0.8169807 0.0093157
0.8236494 0.0091798
0.8302258 0.0090261
0.8367078 0.0088554
0.8430928 0.0086687
0.8493788 0.0084670
0.8555635 0.0082513
0.8616445 0.0080225
0.8676198 0.0077816
0.8734872 0.0075296
0.8792446 0.0072676
0.8848897 0.0069965
0.8904206 0.0067173
0.8958352 0.0064310
0.9011316 0.0061386
0.9063076 0.0058410
0.9113614 0.0055393
0.9162912 0.0052344
0.9210949 0.0049272
0.9257709 0.0046187
0.9303172 0.0043099
0.9347323 0.0040016
0.9390143 0.0036947
0.9431617 0.0033901
0.9471728 0.0030886
0.9510461 0.0027911
0.9547800 0.0024984
0.9583732 0.0022113
0.9618242 0.0019305
0.9651315 0.0016568
0.9682941 0.0013909
0.9713105 0.0011334
0.9741796 0.0008851
0.9769002 0.0006465
0.9794713 0.0004183
0.9818918 0.0002010
0.9841608 -0.0000048
0.9862773 -0.0001987
0.9882404 -0.0003801
0.9900495 -0.0005487
0.9917038 -0.0007039
0.9932025 -0.0008455
0.9945451 -0.0009732
0.9957311 -0.0010865
0.9967599 -0.0011853
0.9976311 -0.0012692
0.9983444 -0.0013382
0.9988995 -0.0013920
0.9992962 -0.0014305
0.9995342 -0.0014537
0.9996136 -0.0014614
