AIRFOIL_LNY
1.0000482 0.0007120
0.9999725 0.0007232
0.9997452 0.0007568
0.9993666 0.0008127
0.9988366 0.0008909
0.9981555 0.0009913
0.9973235 0.0011138
0.9963408 0.0012583
0.9952076 0.0014247
0.9939243 0.0016127
0.9924914 0.0018221
0.9909091 0.0020529
0.9891780 0.0023046
0.9872986 0.0025772
0.9852714 0.0028702
0.9830970 0.0031835
0.9807761 0.0035167
0.9783093 0.0038694
0.9756974 0.0042414
0.9729411 0.0046322
0.9700413 0.0050415
0.9669987 0.0054688
0.9638143 0.0059138
0.9604890 0.0063760
0.9570239 0.0068550
0.9534198 0.0073503
0.9496779 0.0078615
0.9457993 0.0083880
0.9417851 0.0089293
0.9376366 0.0094849
0.9333548 0.0100544
0.9289412 0.0106371
0.9243970 0.0112325
0.9197235 0.0118401
0.9149222 0.0124594
0.9099944 0.0130896
0.9049417 0.0137303
0.8997654 0.0143809
0.8944673 0.0150408
0.8890487 0.0157094
0.8835114 0.0163860
0.8778571 0.0170702
0.8720872 0.0177612
0.8662037 0.0184585
0.8602083 0.0191614
0.8541027 0.0198694
0.8478888 0.0205817
0.8415684 0.0212979
0.8351434 0.0220173
0.8286158 0.0227392
0.8219874 0.0234630
0.8152604 0.0241882
0.8084367 0.0249140
0.8015183 0.0256400
0.7945074 0.0263654
0.7874060 0.0270896
0.7802163 0.0278121
0.7729405 0.0285322
0.7655807 0.0292494
0.7581391 0.0299629
0.7506181 0.0306723
0.7430199 0.0313770
0.7353467 0.0320762
0.7276009 0.0327696
0.7197849 0.0334564
0.7119009 0.0341361
0.7039515 0.0348081
0.6959390 0.0354719
0.6878658 0.0361269
0.6797343 0.0367725
0.6715472 0.0374082
0.6633068 0.0380335
0.6550156 0.0386478
0.6466762 0.0392506
0.6382912 0.0398414
0.6298630 0.0404196
0.6213942 0.0409847
0.6128875 0.0415363
0.6043454 0.0420739
0.5957705 0.0425969
0.5871655 0.0431049
0.5785330 0.0435974
0.5698757 0.0440740
0.5611961 0.0445342
0.5524970 0.0449776
0.5437810 0.0454037
0.5350508 0.0458122
0.5263091 0.0462026
0.5175585 0.0465745
0.5088019 0.0469276
0.5000418 0.0472615
0.4912809 0.0475758
0.4825196 0.0478699
0.4737622 0.0481429
0.4650122 0.0483944
0.4562722 0.0486241
0.4475449 0.0488318
0.4388331 0.0490171
0.4301394 0.0491799
0.4214666 0.0493199
0.4128173 0.0494368
0.4041942 0.0495306
0.3956000 0.0496009
0.3870373 0.0496476
0.3785089 0.0496706
0.3700174 0.0496698
0.3615654 0.0496451
0.3531556 0.0495963
0.3447906 0.0495235
0.3364730 0.0494265
0.3282054 0.0493053
0.3199904 0.0491600
0.3118305 0.0489906
0.3037282 0.0487972
0.2956862 0.0485797
0.2877070 0.0483382
0.2797929 0.0480730
0.2719466 0.0477841
0.2641703 0.0474717
0.2564667 0.0471360
0.2488380 0.0467771
0.2412867 0.0463954
0.2338151 0.0459910
0.2264255 0.0455642
0.2191203 0.0451153
0.2119017 0.0446446
0.2047720 0.0441525
0.1977334 0.0436393
0.1907881 0.0431054
0.1839383 0.0425512
0.1771860 0.0419771
0.1705334 0.0413836
0.1639825 0.0407710
0.1575354 0.0401400
0.1511940 0.0394909
0.1449604 0.0388242
0.1388365 0.0381405
0.1328241 0.0374404
0.1269251 0.0367243
0.1211413 0.0359929
0.1154745 0.0352467
0.1099264 0.0344863
0.1044987 0.0337122
0.0991932 0.0329251
0.0940113 0.0321256
0.0889548 0.0313144
0.0840251 0.0304919
0.0792237 0.0296589
0.0745521 0.0288160
0.0700117 0.0279637
0.0656039 0.0271028
0.0613300 0.0262339
0.0571912 0.0253575
0.0531889 0.0244744
0.0493242 0.0235850
0.0455983 0.0226900
0.0420122 0.0217901
0.0385672 0.0208858
0.0352640 0.0199776
0.0321039 0.0190662
0.0290876 0.0181521
0.0262160 0.0172359
0.0234901 0.0163180
0.0209105 0.0153990
0.0184780 0.0144794
0.0161934 0.0135596
0.0140573 0.0126401
0.0120703 0.0117214
0.0102330 0.0108038
0.0085458 0.0098878
0.0070093 0.0089736
0.0056238 0.0080617
0.0043898 0.0071524
0.0033076 0.0062460
0.0023774 0.0053426
0.0015996 0.0044427
0.0009742 0.0035463
0.0005015 0.0026537
0.0001815 0.0017650
0.0000144 0.0008804
0.0000000 0.0000000
0.0001379 -0.0008697
0.0004276 -0.0017220
0.0008690 -0.0025570
0.0014617 -0.0033745
0.0022057 -0.0041745
0.0031007 -0.0049569
0.0041463 -0.0057216
0.0053421 -0.0064686
0.0066878 -0.0071978
0.0081830 -0.0079091
0.0098270 -0.0086025
0.0116194 -0.0092779
0.0135596 -0.0099352
0.0156469 -0.0105743
0.0178807 -0.0111952
0.0202603 -0.0117979
0.0227848 -0.0123822
0.0254534 -0.0129481
0.0282654 -0.0134956
0.0312198 -0.0140245
0.0343157 -0.0145349
0.0375521 -0.0150267
0.0409280 -0.0154999
0.0444423 -0.0159545
0.0480939 -0.0163903
0.0518817 -0.0168075
0.0558046 -0.0172059
0.0598612 -0.0175857
0.0640503 -0.0179468
0.0683707 -0.0182892
0.0728210 -0.0186130
0.0773998 -0.0189182
0.0821057 -0.0192049
0.0869373 -0.0194731
0.0918932 -0.0197229
0.0969717 -0.0199544
0.1021713 -0.0201676
0.1074905 -0.0203628
0.1129277 -0.0205400
0.1184811 -0.0206994
0.1241492 -0.0208411
0.1299301 -0.0209653
0.1358222 -0.0210722
0.1418237 -0.0211619
0.1479328 -0.0212348
0.1541476 -0.0212909
0.1604663 -0.0213307
0.1668869 -0.0213542
0.1734076 -0.0213618
0.1800264 -0.0213537
0.1867414 -0.0213303
0.1935504 -0.0212919
0.2004515 -0.0212388
0.2074427 -0.0211713
0.2145218 -0.0210898
0.2216868 -0.0209946
0.2289354 -0.0208861
0.2362657 -0.0207648
0.2436752 -0.0206309
0.2511620 -0.0204849
0.2587237 -0.0203272
0.2663581 -0.0201583
0.2740629 -0.0199786
0.2818359 -0.0197884
0.2896748 -0.0195883
0.2975771 -0.0193788
0.3055406 -0.0191602
0.3135629 -0.0189330
0.3216417 -0.0186977
0.3297744 -0.0184548
0.3379588 -0.0182048
0.3461924 -0.0179480
0.3544726 -0.0176851
0.3627972 -0.0174164
0.3711635 -0.0171424
0.3795692 -0.0168637
0.3880116 -0.0165806
0.3964884 -0.0162936
0.4049968 -0.0160033
0.4135346 -0.0157100
0.4220990 -0.0154142
0.4306875 -0.0151163
0.4392975 -0.0148169
0.4479266 -0.0145162
0.4565721 -0.0142147
0.4652313 -0.0139129
0.4739018 -0.0136111
0.4825809 -0.0133097
0.4912667 -0.0130090
0.4999582 -0.0127090
0.5086505 -0.0124095
0.5173410 -0.0121110
0.5260269 -0.0118138
0.5347057 -0.0115181
0.5433748 -0.0112244
0.5520315 -0.0109329
0.5606733 -0.0106439
0.5692974 -0.0103575
0.5779014 -0.0100742
0.5864826 -0.0097941
0.5950385 -0.0095174
0.6035663 -0.0092443
0.6120636 -0.0089751
0.6205277 -0.0087098
0.6289561 -0.0084488
0.6373462 -0.0081921
0.6456955 -0.0079398
0.6540014 -0.0076922
0.6622614 -0.0074492
0.6704730 -0.0072110
0.6786336 -0.0069777
0.6867408 -0.0067494
0.6947922 -0.0065261
0.7027851 -0.0063079
0.7107173 -0.0060947
0.7185863 -0.0058867
0.7263896 -0.0056838
0.7341249 -0.0054861
0.7417898 -0.0052936
0.7493819 -0.0051062
0.7568989 -0.0049239
0.7643386 -0.0047466
0.7716986 -0.0045745
0.7789766 -0.0044074
0.7861704 -0.0042452
0.7932779 -0.0040879
0.8002967 -0.0039355
0.8072248 -0.0037878
0.8140600 -0.0036449
0.8208002 -0.0035066
0.8274433 -0.0033728
0.8339872 -0.0032435
0.8404300 -0.0031186
0.8467696 -0.0029980
0.8530041 -0.0028816
0.8591315 -0.0027693
0.8651500 -0.0026610
0.8710576 -0.0025567
0.8768525 -0.0024562
0.8825330 -0.0023594
0.8880972 -0.0022663
0.8935435 -0.0021767
0.8988701 -0.0020906
0.9040753 -0.0020079
0.9091576 -0.0019285
0.9141154 -0.0018523
0.9189470 -0.0017792
0.9236511 -0.0017092
0.9282261 -0.0016421
0.9326706 -0.0015778
0.9369831 -0.0015164
0.9411624 -0.0014577
0.9452072 -0.0014017
0.9491161 -0.0013482
0.9528880 -0.0012973
0.9565216 -0.0012489
0.9600158 -0.0012028
0.9633695 -0.0011591
0.9665817 -0.0011177
0.9696514 -0.0010785
0.9725774 -0.0010415
0.9753591 -0.0010067
0.9779954 -0.0009740
0.9804856 -0.0009434
0.9828288 -0.0009148
0.9850243 -0.0008881
0.9870715 -0.0008635
0.9889696 -0.0008408
0.9907181 -0.0008200
0.9923164 -0.0008011
0.9937640 -0.0007840
0.9950605 -0.0007688
0.9962054 -0.0007555
0.9971984 -0.0007439
0.9980391 -0.0007341
0.9987274 -0.0007262
0.9992629 -0.0007200
0.9996456 -0.0007156
0.9998752 -0.0007129
0.9999518 -0.0007120
