AIRFOIL_LNY
1.0000849 0.0014110
1.0000094 0.0014275
0.9997831 0.0014772
0.9994060 0.0015598
0.9988782 0.0016754
0.9981998 0.0018239
0.9973711 0.0020050
0.9963923 0.0022187
0.9952636 0.0024648
0.9939855 0.0027429
0.9925581 0.0030529
0.9909821 0.0033945
0.9892577 0.0037674
0.9873855 0.0041712
0.9853661 0.0046055
0.9831999 0.0050700
0.9808877 0.0055643
0.9784301 0.0060879
0.9758277 0.0066403
0.9730814 0.0072210
0.9701920 0.0078296
0.9671601 0.0084655
0.9639868 0.0091281
0.9606730 0.0098170
0.9572195 0.0105313
0.9536274 0.0112707
0.9498978 0.0120343
0.9460316 0.0128217
0.9420300 0.0136320
0.9378943 0.0144647
0.9336255 0.0153191
0.9292249 0.0161943
0.9246938 0.0170898
0.9200335 0.0180048
0.9152454 0.0189386
0.9103309 0.0198903
0.9052913 0.0208593
0.9001282 0.0218448
0.8948431 0.0228459
0.8894375 0.0238620
0.8839131 0.0248923
0.8782714 0.0259358
0.8725140 0.0269919
0.8666428 0.0280598
0.8606593 0.0291385
0.8545655 0.0302274
0.8483630 0.0313256
0.8420538 0.0324323
0.8356396 0.0335467
0.8291224 0.0346679
0.8225042 0.0357952
0.8157868 0.0369277
0.8089723 0.0380646
0.8020627 0.0392050
0.7950601 0.0403483
0.7879665 0.0414934
0.7807842 0.0426397
0.7735151 0.0437862
0.7661616 0.0449322
0.7587257 0.0460769
0.7512098 0.0472194
0.7436161 0.0483589
0.7359468 0.0494946
0.7282044 0.0506256
0.7203910 0.0517512
0.7125091 0.0528706
0.7045611 0.0539828
0.6965493 0.0550872
0.6884762 0.0561828
0.6803441 0.0572690
0.6721557 0.0583448
0.6639134 0.0594094
0.6556196 0.0604622
0.6472769 0.0615021
0.6388878 0.0625285
0.6304549 0.0635406
0.6219807 0.0645374
0.6134679 0.0655183
0.6049191 0.0664825
0.5963368 0.0674291
0.5877236 0.0683574
0.5790823 0.0692665
0.5704155 0.0701557
0.5617259 0.0710243
0.5530160 0.0718714
0.5442886 0.0726963
0.5355464 0.0734982
0.5267921 0.0742763
0.5180284 0.0750300
0.5092580 0.0757585
0.5004835 0.0764610
0.4917078 0.0771369
0.4829336 0.0777854
0.4741635 0.0784059
0.4654003 0.0789976
0.4566468 0.0795600
0.4479056 0.0800922
0.4391794 0.0805938
0.4304711 0.0810640
0.4217832 0.0815023
0.4130682 0.0819047
0.4043782 0.0822672
0.3957165 0.0825892
0.3870859 0.0828703
0.3784891 0.0831101
0.3699289 0.0833082
0.3614080 0.0834643
0.3529293 0.0835780
0.3444953 0.0836491
0.3361090 0.0836773
0.3277729 0.0836624
0.3194898 0.0836041
0.3112624 0.0835025
0.3030933 0.0833573
0.2949852 0.0831685
0.2869407 0.0829361
0.2789624 0.0826601
0.2710529 0.0823406
0.2632148 0.0819776
0.2554507 0.0815713
0.2477630 0.0811218
0.2401542 0.0806295
0.2326268 0.0800944
0.2251833 0.0795170
0.2178260 0.0788976
0.2105574 0.0782366
0.2033797 0.0775343
0.1962953 0.0767912
0.1893065 0.0760079
0.1824156 0.0751849
0.1756246 0.0743227
0.1689359 0.0734219
0.1623516 0.0724832
0.1558736 0.0715074
0.1495042 0.0704949
0.1432454 0.0694467
0.1370990 0.0683636
0.1310671 0.0672462
0.1251516 0.0660954
0.1193542 0.0649121
0.1136769 0.0636972
0.1081213 0.0624516
0.1026893 0.0611761
0.0973824 0.0598718
0.0922023 0.0585396
0.0871507 0.0571804
0.0822289 0.0557953
0.0774386 0.0543852
0.0727812 0.0529512
0.0682580 0.0514942
0.0638704 0.0500153
0.0596198 0.0485154
0.0555073 0.0469957
0.0515341 0.0454570
0.0477015 0.0439005
0.0440105 0.0423271
0.0404622 0.0407378
0.0370576 0.0391335
0.0337977 0.0375153
0.0306833 0.0358840
0.0277153 0.0342406
0.0248946 0.0325861
0.0222218 0.0309212
0.0196978 0.0292468
0.0173231 0.0275638
0.0150984 0.0258729
0.0130243 0.0241749
0.0111013 0.0224706
0.0093298 0.0207606
0.0077103 0.0190456
0.0062432 0.0173263
0.0049287 0.0156031
0.0037672 0.0138767
0.0027589 0.0121476
0.0019040 0.0104162
0.0012026 0.0086829
0.0006548 0.0069482
0.0002607 0.0052122
0.0000202 0.0034754
-0.0000666 0.0017379
0.0000000 0.0000000
0.0002189 -0.0017254
0.0005889 -0.0034252
0.0011098 -0.0050993
0.0017811 -0.0067475
0.0026027 -0.0083698
0.0035741 -0.0099659
0.0046949 -0.0115356
0.0059647 -0.0130787
0.0073829 -0.0145952
0.0089491 -0.0160846
0.0106625 -0.0175469
0.0125226 -0.0189817
0.0145286 -0.0203889
0.0166800 -0.0217682
0.0189757 -0.0231194
0.0214152 -0.0244423
0.0239975 -0.0257364
0.0267217 -0.0270018
0.0295869 -0.0282379
0.0325921 -0.0294447
0.0357363 -0.0306219
0.0390185 -0.0317691
0.0424375 -0.0328863
0.0459923 -0.0339730
0.0496817 -0.0350292
0.0535044 -0.0360545
0.0574593 -0.0370488
0.0615451 -0.0380119
0.0657605 -0.0389435
0.0701042 -0.0398435
0.0745747 -0.0407118
0.0791707 -0.0415481
0.0838908 -0.0423524
0.0887335 -0.0431245
0.0936973 -0.0438643
0.0987807 -0.0445719
0.1039821 -0.0452471
0.1093000 -0.0458899
0.1147327 -0.0465003
0.1202787 -0.0470783
0.1259362 -0.0476239
0.1317036 -0.0481374
0.1375792 -0.0486186
0.1435612 -0.0490678
0.1496478 -0.0494852
0.1558374 -0.0498708
0.1621280 -0.0502249
0.1685178 -0.0505478
0.1750050 -0.0508397
0.1815877 -0.0511008
0.1882640 -0.0513316
0.1950320 -0.0515324
0.2018896 -0.0517035
0.2088350 -0.0518453
0.2158662 -0.0519584
0.2229811 -0.0520430
0.2301777 -0.0520998
0.2374539 -0.0521293
0.2448077 -0.0521318
0.2522370 -0.0521082
0.2597397 -0.0520588
0.2673136 -0.0519843
0.2749566 -0.0518853
0.2826665 -0.0517626
0.2904411 -0.0516166
0.2982782 -0.0514482
0.3061756 -0.0512580
0.3141310 -0.0510467
0.3221422 -0.0508150
0.3302069 -0.0505637
0.3383229 -0.0502935
0.3464877 -0.0500053
0.3546990 -0.0496996
0.3629546 -0.0493774
0.3712521 -0.0490393
0.3795890 -0.0486862
0.3879631 -0.0483188
0.3963718 -0.0479379
0.4048128 -0.0475444
0.4132837 -0.0471389
0.4217823 -0.0467222
0.4303558 -0.0462918
0.4389512 -0.0458450
0.4475660 -0.0453826
0.4561975 -0.0449052
0.4648432 -0.0444135
0.4735005 -0.0439083
0.4821669 -0.0433903
0.4908397 -0.0428601
0.4995165 -0.0423183
0.5081944 -0.0417658
0.5168711 -0.0412031
0.5255438 -0.0406310
0.5342100 -0.0400499
0.5428671 -0.0394607
0.5515125 -0.0388638
0.5601435 -0.0382600
0.5687576 -0.0376498
0.5773521 -0.0370338
0.5859245 -0.0364125
0.5944722 -0.0357866
0.6029926 -0.0351566
0.6114831 -0.0345229
0.6199412 -0.0338862
0.6283642 -0.0332469
0.6367496 -0.0326055
0.6450949 -0.0319625
0.6533974 -0.0313183
0.6616548 -0.0306734
0.6698644 -0.0300283
0.6780238 -0.0293833
0.6861304 -0.0287389
0.6941819 -0.0280954
0.7021756 -0.0274532
0.7101092 -0.0268127
0.7179801 -0.0261743
0.7257861 -0.0255382
0.7335247 -0.0249049
0.7411935 -0.0242747
0.7487902 -0.0236479
0.7563124 -0.0230247
0.7637577 -0.0224055
0.7711239 -0.0217906
0.7784087 -0.0211803
0.7856099 -0.0205747
0.7927252 -0.0199743
0.7997523 -0.0193793
0.8066892 -0.0187899
0.8135336 -0.0182063
0.8202834 -0.0176289
0.8269366 -0.0170579
0.8334910 -0.0164935
0.8399446 -0.0159359
0.8462953 -0.0153855
0.8525413 -0.0148423
0.8586805 -0.0143067
0.8647109 -0.0137789
0.8706308 -0.0132591
0.8764382 -0.0127476
0.8821314 -0.0122445
0.8877084 -0.0117501
0.8931676 -0.0112646
0.8985073 -0.0107883
0.9037257 -0.0103213
0.9088212 -0.0098639
0.9137921 -0.0094163
0.9186370 -0.0089787
0.9233543 -0.0085513
0.9279424 -0.0081343
0.9323999 -0.0077281
0.9367254 -0.0073327
0.9409175 -0.0069483
0.9449749 -0.0065753
0.9488963 -0.0062138
0.9526804 -0.0058639
0.9563260 -0.0055260
0.9598319 -0.0052002
0.9631970 -0.0048866
0.9664203 -0.0045855
0.9695007 -0.0042971
0.9724371 -0.0040215
0.9752288 -0.0037589
0.9778747 -0.0035095
0.9803740 -0.0032735
0.9827259 -0.0030509
0.9849297 -0.0028419
0.9869845 -0.0026468
0.9888899 -0.0024655
0.9906451 -0.0022983
0.9922496 -0.0021452
0.9937029 -0.0020064
0.9950044 -0.0018819
0.9961538 -0.0017719
0.9971508 -0.0016763
0.9979949 -0.0015954
0.9986859 -0.0015291
0.9992235 -0.0014774
0.9996077 -0.0014405
0.9998383 -0.0014184
0.9999151 -0.0014110
