AIRFOIL_LNY
1.0000847 0.0010920
1.0000093 0.0011072
0.9997830 0.0011527
0.9994058 0.0012284
0.9988780 0.0013344
0.9981997 0.0014705
0.9973710 0.0016366
0.9963922 0.0018325
0.9952636 0.0020581
0.9939854 0.0023132
0.9925582 0.0025975
0.9909822 0.0029108
0.9892579 0.0032527
0.9873858 0.0036231
0.9853665 0.0040215
0.9832006 0.0044477
0.9808886 0.0049012
0.9784312 0.0053816
0.9758292 0.0058885
0.9730832 0.0064215
0.9701942 0.0069801
0.9671628 0.0075639
0.9639901 0.0081723
0.9606769 0.0088048
0.9572241 0.0094608
0.9536328 0.0101399
0.9499040 0.0108414
0.9460389 0.0115648
0.9420384 0.0123094
0.9379038 0.0130747
0.9336364 0.0138599
0.9292372 0.0146646
0.9247077 0.0154880
0.9200492 0.0163294
0.9152629 0.0171882
0.9103504 0.0180637
0.9053130 0.0189552
0.9001523 0.0198620
0.8948697 0.0207835
0.8894668 0.0217188
0.8839452 0.0226672
0.8783065 0.0236281
0.8725524 0.0246008
0.8666846 0.0255843
0.8607048 0.0265782
0.8546148 0.0275815
0.8484164 0.0285936
0.8421114 0.0296137
0.8357018 0.0306410
0.8291893 0.0316748
0.8225761 0.0327144
0.8158639 0.0337590
0.8090548 0.0348078
0.8021509 0.0358602
0.7951542 0.0369152
0.7880668 0.0379723
0.7808909 0.0390306
0.7736285 0.0400894
0.7662818 0.0411479
0.7588531 0.0422054
0.7513446 0.0432611
0.7437586 0.0443144
0.7360972 0.0453644
0.7283629 0.0464104
0.7205580 0.0474516
0.7126847 0.0484874
0.7047456 0.0495170
0.6967429 0.0505397
0.6886792 0.0515547
0.6805568 0.0525613
0.6723782 0.0535588
0.6641459 0.0545464
0.6558624 0.0555235
0.6475302 0.0564893
0.6391518 0.0574431
0.6307298 0.0583842
0.6222668 0.0593119
0.6137653 0.0602256
0.6052279 0.0611244
0.5966572 0.0620078
0.5880559 0.0628750
0.5794266 0.0637254
0.5707718 0.0645582
0.5620944 0.0653729
0.5533969 0.0661687
0.5446819 0.0669450
0.5359523 0.0677013
0.5272106 0.0684367
0.5184596 0.0691507
0.5097019 0.0698428
0.5009402 0.0705122
0.4921773 0.0711584
0.4834158 0.0717808
0.4746585 0.0723789
0.4659081 0.0729520
0.4571673 0.0734996
0.4484387 0.0740213
0.4397252 0.0745164
0.4310293 0.0749845
0.4223538 0.0754251
0.4137015 0.0758377
0.4050749 0.0762219
0.3964768 0.0765772
0.3879098 0.0769033
0.3793766 0.0771998
0.3708800 0.0774662
0.3624225 0.0777023
0.3540067 0.0779076
0.3456353 0.0780820
0.3373110 0.0782252
0.3290363 0.0783368
0.3208062 0.0784166
0.3124708 0.0784499
0.3041937 0.0784244
0.2959779 0.0783407
0.2878260 0.0781993
0.2797410 0.0780006
0.2717256 0.0777454
0.2637826 0.0774344
0.2559147 0.0770681
0.2481246 0.0766475
0.2404150 0.0761733
0.2327884 0.0756465
0.2252477 0.0750680
0.2177952 0.0744388
0.2104336 0.0737598
0.2031654 0.0730323
0.1959930 0.0722573
0.1889189 0.0714360
0.1819454 0.0705696
0.1750750 0.0696595
0.1683099 0.0687067
0.1616523 0.0677128
0.1551046 0.0666790
0.1486687 0.0656068
0.1423470 0.0644976
0.1361415 0.0633528
0.1300541 0.0621739
0.1240868 0.0609624
0.1182416 0.0597198
0.1125204 0.0584477
0.1069249 0.0571475
0.1014569 0.0558209
0.0961181 0.0544694
0.0909102 0.0530946
0.0858348 0.0516981
0.0808934 0.0502814
0.0760874 0.0488461
0.0714185 0.0473938
0.0668878 0.0459260
0.0624968 0.0444443
0.0582467 0.0429503
0.0541387 0.0414453
0.0501740 0.0399310
0.0463536 0.0384088
0.0426786 0.0368801
0.0391500 0.0353464
0.0357688 0.0338090
0.0325357 0.0322694
0.0294517 0.0307288
0.0265174 0.0291885
0.0237337 0.0276498
0.0211011 0.0261139
0.0186203 0.0245818
0.0162917 0.0230548
0.0141160 0.0215339
0.0120936 0.0200201
0.0102248 0.0185143
0.0085100 0.0170175
0.0069494 0.0155304
0.0055435 0.0140540
0.0042922 0.0125888
0.0031958 0.0111356
0.0022543 0.0096950
0.0014678 0.0082675
0.0008364 0.0068536
0.0003598 0.0054536
0.0000381 0.0040681
-0.0001290 0.0026971
-0.0001416 0.0013411
0.0000000 0.0000000
0.0002939 -0.0013161
0.0007382 -0.0025973
0.0013324 -0.0038436
0.0020762 -0.0050550
0.0029689 -0.0062315
0.0040103 -0.0073732
0.0051995 -0.0084800
0.0065362 -0.0095521
0.0080195 -0.0105896
0.0096488 -0.0115926
0.0114234 -0.0125613
0.0133424 -0.0134957
0.0154052 -0.0143961
0.0176107 -0.0152626
0.0199582 -0.0160956
0.0224466 -0.0168952
0.0250750 -0.0176616
0.0278424 -0.0183952
0.0307477 -0.0190963
0.0337899 -0.0197652
0.0369679 -0.0204022
0.0402804 -0.0210078
0.0437264 -0.0215822
0.0473045 -0.0221259
0.0510136 -0.0226394
0.0548524 -0.0231231
0.0588195 -0.0235774
0.0629137 -0.0240030
0.0671336 -0.0244002
0.0714778 -0.0247697
0.0759449 -0.0251120
0.0805334 -0.0254277
0.0852420 -0.0257175
0.0900691 -0.0259819
0.0950132 -0.0262217
0.1000728 -0.0264375
0.1052464 -0.0266300
0.1105324 -0.0268000
0.1159292 -0.0269482
0.1214352 -0.0270755
0.1270488 -0.0271825
0.1327684 -0.0272701
0.1385922 -0.0273391
0.1445187 -0.0273905
0.1505462 -0.0274251
0.1566729 -0.0274437
0.1628971 -0.0274474
0.1692171 -0.0274370
0.1756311 -0.0274135
0.1821374 -0.0273778
0.1887342 -0.0273310
0.1954196 -0.0272741
0.2021920 -0.0272079
0.2090494 -0.0271337
0.2159900 -0.0270523
0.2230119 -0.0269649
0.2301133 -0.0268724
0.2372923 -0.0267760
0.2445470 -0.0266767
0.2518754 -0.0265756
0.2592757 -0.0264737
0.2667458 -0.0263721
0.2742839 -0.0262718
0.2818878 -0.0261740
0.2895557 -0.0260796
0.2972855 -0.0259898
0.3050752 -0.0259056
0.3129226 -0.0258280
0.3208259 -0.0257581
0.3289435 -0.0256851
0.3371208 -0.0255959
0.3453477 -0.0254909
0.3536216 -0.0253707
0.3619402 -0.0252357
0.3703010 -0.0250865
0.3787015 -0.0249237
0.3871392 -0.0247477
0.3956116 -0.0245590
0.4041161 -0.0243584
0.4126504 -0.0241461
0.4212117 -0.0239230
0.4297976 -0.0236893
0.4384055 -0.0234458
0.4470328 -0.0231928
0.4556770 -0.0229311
0.4643354 -0.0226610
0.4730055 -0.0223831
0.4816847 -0.0220979
0.4903703 -0.0218059
0.4990598 -0.0215076
0.5077506 -0.0212035
0.5164399 -0.0208941
0.5251254 -0.0205798
0.5338042 -0.0202612
0.5424738 -0.0199385
0.5511316 -0.0196123
0.5597750 -0.0192830
0.5684013 -0.0189510
0.5770079 -0.0186166
0.5855923 -0.0182804
0.5941518 -0.0179425
0.6026838 -0.0176035
0.6111858 -0.0172635
0.6196551 -0.0169231
0.6280892 -0.0165824
0.6364856 -0.0162417
0.6448415 -0.0159014
0.6531546 -0.0155618
0.6614223 -0.0152230
0.6696420 -0.0148853
0.6778112 -0.0145490
0.6859274 -0.0142143
0.6939882 -0.0138814
0.7019911 -0.0135505
0.7099335 -0.0132217
0.7178132 -0.0128953
0.7256276 -0.0125714
0.7333743 -0.0122502
0.7410511 -0.0119318
0.7486554 -0.0116164
0.7561849 -0.0113040
0.7636374 -0.0109949
0.7710106 -0.0106891
0.7783020 -0.0103867
0.7855096 -0.0100878
0.7926310 -0.0097925
0.7996641 -0.0095010
0.8066067 -0.0092132
0.8134565 -0.0089293
0.8202116 -0.0086494
0.8268697 -0.0083735
0.8334288 -0.0081017
0.8398869 -0.0078340
0.8462420 -0.0075705
0.8524920 -0.0073114
0.8586350 -0.0070566
0.8646691 -0.0068062
0.8705924 -0.0065603
0.8764031 -0.0063189
0.8820993 -0.0060820
0.8876792 -0.0058499
0.8931411 -0.0056224
0.8984833 -0.0053997
0.9037040 -0.0051819
0.9088017 -0.0049689
0.9137746 -0.0047609
0.9186214 -0.0045580
0.9233404 -0.0043600
0.9279301 -0.0041673
0.9323890 -0.0039798
0.9367159 -0.0037975
0.9409092 -0.0036206
0.9449677 -0.0034491
0.9488900 -0.0032830
0.9526750 -0.0031226
0.9563214 -0.0029677
0.9598280 -0.0028185
0.9631938 -0.0026751
0.9664176 -0.0025375
0.9694984 -0.0024057
0.9724353 -0.0022800
0.9752273 -0.0021602
0.9778735 -0.0020465
0.9803731 -0.0019389
0.9827252 -0.0018376
0.9849292 -0.0017425
0.9869842 -0.0016536
0.9888897 -0.0015712
0.9906450 -0.0014951
0.9922496 -0.0014256
0.9937029 -0.0013625
0.9950045 -0.0013059
0.9961539 -0.0012559
0.9971509 -0.0012125
0.9979950 -0.0011757
0.9986860 -0.0011456
0.9992237 -0.0011222
0.9996079 -0.0011054
0.9998384 -0.0010954
0.9999153 -0.0010920
