AIRFOIL_LNY
1.0001976 0.0017021
1.0001231 0.0017254
0.9998996 0.0017952
0.9995272 0.0019115
0.9990060 0.0020741
0.9983360 0.0022830
0.9975175 0.0025378
0.9965507 0.0028384
0.9954358 0.0031845
0.9941731 0.0035757
0.9927629 0.0040117
0.9912056 0.0044920
0.9895017 0.0050162
0.9876514 0.0055838
0.9856554 0.0061943
0.9835141 0.0068471
0.9812280 0.0075415
0.9787978 0.0082770
0.9762242 0.0090529
0.9735076 0.0098684
0.9706490 0.0107227
0.9676490 0.0116151
0.9645084 0.0125448
0.9612281 0.0135110
0.9578088 0.0145127
0.9542516 0.0155490
0.9505573 0.0166191
0.9467269 0.0177219
0.9427615 0.0188564
0.9386621 0.0200218
0.9344299 0.0212169
0.9300658 0.0224407
0.9255712 0.0236922
0.9209473 0.0249702
0.9161953 0.0262737
0.9113164 0.0276016
0.9063121 0.0289526
0.9011837 0.0303257
0.8959326 0.0317198
0.8905603 0.0331336
0.8850682 0.0345660
0.8794579 0.0360158
0.8737309 0.0374818
0.8678889 0.0389628
0.8619334 0.0404576
0.8558661 0.0419650
0.8496889 0.0434838
0.8434033 0.0450127
0.8370112 0.0465506
0.8305144 0.0480963
0.8239148 0.0496484
0.8172141 0.0512058
0.8104145 0.0527673
0.8035178 0.0543315
0.7965259 0.0558974
0.7894410 0.0574637
0.7822651 0.0590292
0.7750003 0.0605926
0.7676486 0.0621527
0.7602123 0.0637084
0.7526935 0.0652584
0.7450944 0.0668016
0.7374173 0.0683366
0.7296644 0.0698624
0.7218381 0.0713778
0.7139406 0.0728815
0.7059743 0.0743724
0.6979416 0.0758493
0.6898449 0.0773111
0.6816867 0.0787566
0.6734693 0.0801846
0.6651953 0.0815941
0.6568671 0.0829838
0.6484874 0.0843527
0.6400586 0.0856996
0.6315833 0.0870234
0.6230641 0.0883230
0.6145036 0.0895974
0.6059045 0.0908454
0.5972694 0.0920660
0.5886010 0.0932581
0.5799019 0.0944207
0.5711748 0.0955527
0.5624225 0.0966532
0.5536478 0.0977211
0.5448533 0.0987554
0.5360418 0.0997552
0.5272161 0.1007195
0.5183790 0.1016474
0.5095332 0.1025379
0.5006816 0.1033902
0.4918271 0.1042034
0.4829723 0.1049765
0.4741202 0.1057089
0.4652735 0.1063996
0.4564352 0.1070479
0.4475534 0.1076500
0.4386792 0.1082012
0.4298212 0.1087007
0.4209822 0.1091478
0.4121653 0.1095420
0.4033733 0.1098827
0.3946093 0.1101695
0.3858761 0.1104018
0.3771768 0.1105794
0.3685142 0.1107017
0.3598912 0.1107684
0.3513109 0.1107794
0.3427761 0.1107344
0.3342898 0.1106331
0.3258547 0.1104756
0.3174738 0.1102616
0.3091500 0.1099912
0.3008861 0.1096643
0.2926849 0.1092812
0.2845493 0.1088419
0.2764820 0.1083465
0.2684858 0.1077954
0.2605633 0.1071888
0.2527175 0.1065271
0.2449508 0.1058107
0.2372661 0.1050400
0.2296658 0.1042155
0.2221526 0.1033378
0.2147291 0.1024075
0.2073977 0.1014253
0.2001610 0.1003918
0.1930213 0.0993079
0.1859812 0.0981743
0.1790430 0.0969920
0.1722089 0.0957617
0.1654814 0.0944845
0.1588625 0.0931614
0.1523546 0.0917933
0.1459597 0.0903814
0.1396799 0.0889268
0.1335173 0.0874306
0.1274740 0.0858940
0.1215517 0.0843182
0.1157525 0.0827045
0.1100782 0.0810541
0.1045305 0.0793684
0.0991113 0.0776486
0.0938221 0.0758962
0.0886647 0.0741124
0.0836406 0.0722986
0.0787513 0.0704562
0.0739983 0.0685866
0.0693830 0.0666912
0.0649068 0.0647715
0.0605709 0.0628287
0.0563767 0.0608643
0.0523253 0.0588798
0.0484178 0.0568764
0.0446553 0.0548555
0.0410388 0.0528186
0.0375694 0.0507668
0.0342480 0.0487017
0.0310753 0.0466244
0.0280522 0.0445362
0.0251794 0.0424384
0.0224578 0.0403321
0.0198878 0.0382186
0.0174701 0.0360990
0.0152053 0.0339743
0.0130937 0.0318456
0.0111360 0.0297139
0.0093324 0.0275803
0.0076833 0.0254455
0.0061890 0.0233105
0.0048497 0.0211760
0.0036656 0.0190429
0.0026368 0.0169117
0.0017635 0.0147833
0.0010456 0.0126581
0.0004833 0.0105366
0.0000763 0.0084194
-0.0001753 0.0063069
-0.0002718 0.0041992
-0.0002133 0.0020969
0.0000000 0.0000000
0.0003656 -0.0020758
0.0008810 -0.0041148
0.0015458 -0.0061169
0.0023596 -0.0080819
0.0033220 -0.0100098
0.0044325 -0.0119003
0.0056904 -0.0137534
0.0070951 -0.0155687
0.0086461 -0.0173462
0.0103426 -0.0190858
0.0121838 -0.0207871
0.0141691 -0.0224500
0.0162975 -0.0240743
0.0185683 -0.0256598
0.0209804 -0.0272064
0.0235330 -0.0287138
0.0262251 -0.0301819
0.0290557 -0.0316104
0.0320237 -0.0329992
0.0351279 -0.0343481
0.0383674 -0.0356568
0.0417409 -0.0369253
0.0452472 -0.0381534
0.0488851 -0.0393409
0.0526534 -0.0404877
0.0565507 -0.0415937
0.0605757 -0.0426587
0.0647272 -0.0436827
0.0690036 -0.0446655
0.0734037 -0.0456072
0.0779259 -0.0465076
0.0825689 -0.0473668
0.0873311 -0.0481848
0.0922111 -0.0489615
0.0972074 -0.0496971
0.1023183 -0.0503916
0.1075424 -0.0510452
0.1128780 -0.0516579
0.1183235 -0.0522299
0.1238774 -0.0527614
0.1295379 -0.0532527
0.1353034 -0.0537040
0.1411723 -0.0541156
0.1471429 -0.0544877
0.1532133 -0.0548208
0.1593820 -0.0551153
0.1656471 -0.0553715
0.1720069 -0.0555899
0.1784596 -0.0557710
0.1850034 -0.0559153
0.1916366 -0.0560233
0.1983573 -0.0560957
0.2051636 -0.0561331
0.2120538 -0.0561361
0.2190259 -0.0561053
0.2260780 -0.0560416
0.2332084 -0.0559456
0.2404150 -0.0558180
0.2476959 -0.0556598
0.2550492 -0.0554718
0.2624729 -0.0552547
0.2699651 -0.0550094
0.2775237 -0.0547369
0.2851469 -0.0544380
0.2928324 -0.0541137
0.3005784 -0.0537650
0.3083827 -0.0533928
0.3162434 -0.0529980
0.3241582 -0.0525818
0.3321251 -0.0521451
0.3401421 -0.0516889
0.3482069 -0.0512143
0.3563174 -0.0507223
0.3644714 -0.0502138
0.3726668 -0.0496901
0.3809013 -0.0491520
0.3891728 -0.0486007
0.3974790 -0.0480372
0.4058177 -0.0474625
0.4141866 -0.0468776
0.4225833 -0.0462835
0.4310057 -0.0456812
0.4394515 -0.0450718
0.4479182 -0.0444561
0.4564091 -0.0438352
0.4649700 -0.0432061
0.4735439 -0.0425669
0.4821282 -0.0419185
0.4907205 -0.0412619
0.4993184 -0.0405977
0.5079192 -0.0399269
0.5165205 -0.0392503
0.5251199 -0.0385686
0.5337147 -0.0378826
0.5423025 -0.0371932
0.5508807 -0.0365009
0.5594468 -0.0358065
0.5679983 -0.0351108
0.5765326 -0.0344142
0.5850472 -0.0337176
0.5935396 -0.0330215
0.6020072 -0.0323265
0.6104474 -0.0316331
0.6188578 -0.0309419
0.6272357 -0.0302534
0.6355788 -0.0295682
0.6438843 -0.0288866
0.6521499 -0.0282091
0.6603729 -0.0275362
0.6685508 -0.0268682
0.6766813 -0.0262055
0.6847617 -0.0255484
0.6927895 -0.0248974
0.7007623 -0.0242526
0.7086777 -0.0236144
0.7165331 -0.0229831
0.7243261 -0.0223589
0.7320543 -0.0217420
0.7397152 -0.0211327
0.7473065 -0.0205311
0.7548258 -0.0199374
0.7622707 -0.0193518
0.7696388 -0.0187745
0.7769278 -0.0182055
0.7841354 -0.0176451
0.7912593 -0.0170933
0.7982973 -0.0165502
0.8052470 -0.0160159
0.8121062 -0.0154906
0.8188729 -0.0149742
0.8255446 -0.0144669
0.8321194 -0.0139688
0.8385951 -0.0134798
0.8449695 -0.0130001
0.8512406 -0.0125296
0.8574064 -0.0120686
0.8634648 -0.0116169
0.8694139 -0.0111746
0.8752517 -0.0107418
0.8809763 -0.0103185
0.8865857 -0.0099048
0.8920781 -0.0095006
0.8974518 -0.0091061
0.9027049 -0.0087212
0.9078356 -0.0083461
0.9128423 -0.0079807
0.9177233 -0.0076250
0.9224768 -0.0072793
0.9271015 -0.0069433
0.9315955 -0.0066173
0.9359576 -0.0063013
0.9401861 -0.0059953
0.9442796 -0.0056993
0.9482368 -0.0054135
0.9520562 -0.0051378
0.9557366 -0.0048724
0.9592768 -0.0046172
0.9626754 -0.0043724
0.9659314 -0.0041379
0.9690436 -0.0039139
0.9720109 -0.0037004
0.9748324 -0.0034975
0.9775069 -0.0033051
0.9800337 -0.0031234
0.9824118 -0.0029524
0.9846404 -0.0027922
0.9867187 -0.0026428
0.9886459 -0.0025042
0.9904215 -0.0023766
0.9920448 -0.0022599
0.9935153 -0.0021542
0.9948323 -0.0020595
0.9959955 -0.0019759
0.9970044 -0.0019033
0.9978587 -0.0018419
0.9985581 -0.0017916
0.9991023 -0.0017525
0.9994912 -0.0017245
0.9997246 -0.0017077
0.9998024 -0.0017021
