AIRFOIL_LNY
1.0002078 0.0013841
1.0001334 0.0014072
0.9999101 0.0014767
0.9995382 0.0015925
0.9990176 0.0017544
0.9983484 0.0019623
0.9975310 0.0022160
0.9965654 0.0025154
0.9954519 0.0028601
0.9941908 0.0032497
0.9927825 0.0036841
0.9912273 0.0041627
0.9895257 0.0046853
0.9876780 0.0052512
0.9856848 0.0058600
0.9835465 0.0065111
0.9812638 0.0072041
0.9788373 0.0079382
0.9762676 0.0087129
0.9735553 0.0095274
0.9707013 0.0103811
0.9677062 0.0112733
0.9645709 0.0122031
0.9612962 0.0131697
0.9578830 0.0141724
0.9543322 0.0152103
0.9506448 0.0162825
0.9468218 0.0173881
0.9428641 0.0185262
0.9387730 0.0196959
0.9345494 0.0208961
0.9301946 0.0221260
0.9257097 0.0233844
0.9210960 0.0246703
0.9163548 0.0259828
0.9114873 0.0273208
0.9064950 0.0286831
0.9013791 0.0300688
0.8961411 0.0314766
0.8907826 0.0329056
0.8853049 0.0343546
0.8797097 0.0358224
0.8739984 0.0373080
0.8681728 0.0388101
0.8622344 0.0403277
0.8561849 0.0418595
0.8500262 0.0434045
0.8437598 0.0449614
0.8373877 0.0465291
0.8309115 0.0481065
0.8243333 0.0496922
0.8176549 0.0512853
0.8108782 0.0528844
0.8040052 0.0544885
0.7970378 0.0560963
0.7899781 0.0577068
0.7828282 0.0593186
0.7755901 0.0609307
0.7682660 0.0625418
0.7608580 0.0641509
0.7533682 0.0657567
0.7457990 0.0673581
0.7381524 0.0689540
0.7304309 0.0705433
0.7226366 0.0721247
0.7147719 0.0736971
0.7068391 0.0752595
0.6988406 0.0768106
0.6907788 0.0783494
0.6826561 0.0798749
0.6744749 0.0813858
0.6662377 0.0828810
0.6579470 0.0843596
0.6496053 0.0858204
0.6412151 0.0872624
0.6327790 0.0886845
0.6242995 0.0900857
0.6157791 0.0914649
0.6072206 0.0928211
0.5986265 0.0941534
0.5899994 0.0954606
0.5813421 0.0967419
0.5726571 0.0979962
0.5639472 0.0992226
0.5552150 0.1004201
0.5464633 0.1015879
0.5376947 0.1027250
0.5289120 0.1038305
0.5201180 0.1049035
0.5113153 0.1059432
0.5025068 0.1069488
0.4936951 0.1079194
0.4848831 0.1088543
0.4760736 0.1097526
0.4672693 0.1106136
0.4584730 0.1114367
0.4496875 0.1122210
0.4409156 0.1129659
0.4321600 0.1136707
0.4234236 0.1143350
0.4147092 0.1149579
0.4060195 0.1155391
0.3973573 0.1160779
0.3887255 0.1165738
0.3801267 0.1170265
0.3715638 0.1174354
0.3630394 0.1178002
0.3545565 0.1181204
0.3461176 0.1183959
0.3377255 0.1186262
0.3293831 0.1188112
0.3210928 0.1189505
0.3128575 0.1190441
0.3046798 0.1190918
0.2962598 0.1190816
0.2877087 0.1189657
0.2792285 0.1187405
0.2708228 0.1184077
0.2624951 0.1179691
0.2542489 0.1174268
0.2460878 0.1167826
0.2380152 0.1160389
0.2300345 0.1151979
0.2221490 0.1142619
0.2143619 0.1132335
0.2066765 0.1121152
0.1990958 0.1109096
0.1916230 0.1096196
0.1842610 0.1082479
0.1770127 0.1067974
0.1698810 0.1052712
0.1628686 0.1036721
0.1559782 0.1020035
0.1492124 0.1002682
0.1425737 0.0984696
0.1360644 0.0966109
0.1296870 0.0946953
0.1234436 0.0927261
0.1173365 0.0907066
0.1113677 0.0886401
0.1055392 0.0865301
0.0998528 0.0843797
0.0943104 0.0821923
0.0889136 0.0799713
0.0836642 0.0777200
0.0785636 0.0754416
0.0736133 0.0731394
0.0688147 0.0708168
0.0641690 0.0684768
0.0596775 0.0661226
0.0553412 0.0637574
0.0511612 0.0613842
0.0471384 0.0590061
0.0432738 0.0566259
0.0395681 0.0542466
0.0360221 0.0518709
0.0326363 0.0495017
0.0294114 0.0471415
0.0263479 0.0447929
0.0234462 0.0424585
0.0207067 0.0401405
0.0181297 0.0378414
0.0157154 0.0355633
0.0134640 0.0333083
0.0113756 0.0310785
0.0094503 0.0288756
0.0076880 0.0267015
0.0060887 0.0245579
0.0046522 0.0224463
0.0033785 0.0203680
0.0022671 0.0183246
0.0013180 0.0163170
0.0005307 0.0143464
-0.0000953 0.0124138
-0.0005602 0.0105199
-0.0008646 0.0086654
-0.0010091 0.0068510
-0.0009942 0.0050770
-0.0008206 0.0033437
-0.0004889 0.0016514
0.0000000 0.0000000
0.0006412 -0.0015984
0.0014297 -0.0031319
0.0023646 -0.0046008
0.0034450 -0.0060054
0.0046699 -0.0073459
0.0060383 -0.0086230
0.0075491 -0.0098369
0.0092013 -0.0109884
0.0109937 -0.0120780
0.0129251 -0.0131064
0.0149944 -0.0140743
0.0172002 -0.0149825
0.0195413 -0.0158319
0.0220163 -0.0166233
0.0246239 -0.0173577
0.0273627 -0.0180360
0.0302312 -0.0186595
0.0332281 -0.0192291
0.0363517 -0.0197460
0.0396006 -0.0202114
0.0429733 -0.0206266
0.0464682 -0.0209929
0.0500837 -0.0213116
0.0538182 -0.0215841
0.0576701 -0.0218118
0.0616378 -0.0219962
0.0657196 -0.0221388
0.0699140 -0.0222411
0.0742191 -0.0223048
0.0786334 -0.0223314
0.0831552 -0.0223226
0.0877829 -0.0222800
0.0925147 -0.0222055
0.0973491 -0.0221006
0.1022843 -0.0219673
0.1073188 -0.0218072
0.1124509 -0.0216223
0.1176789 -0.0214143
0.1230013 -0.0211852
0.1284164 -0.0209367
0.1339227 -0.0206710
0.1395186 -0.0203898
0.1452027 -0.0200951
0.1509732 -0.0197889
0.1568288 -0.0194731
0.1627680 -0.0191499
0.1687892 -0.0188211
0.1748912 -0.0184888
0.1810723 -0.0181550
0.1873314 -0.0178218
0.1936669 -0.0174912
0.2000775 -0.0171652
0.2065620 -0.0168460
0.2131189 -0.0165355
0.2197471 -0.0162359
0.2264452 -0.0159491
0.2332120 -0.0156773
0.2400462 -0.0154226
0.2469467 -0.0151869
0.2539122 -0.0149723
0.2609415 -0.0147809
0.2680334 -0.0146147
0.2751867 -0.0144757
0.2824003 -0.0143659
0.2896730 -0.0142874
0.2970035 -0.0142420
0.3045890 -0.0142274
0.3125359 -0.0142046
0.3205392 -0.0141644
0.3285968 -0.0141074
0.3367063 -0.0140343
0.3448654 -0.0139458
0.3530718 -0.0138428
0.3613232 -0.0137258
0.3696172 -0.0135957
0.3779514 -0.0134531
0.3863235 -0.0132989
0.3947310 -0.0131337
0.4031715 -0.0129582
0.4116426 -0.0127732
0.4201419 -0.0125794
0.4286669 -0.0123776
0.4372151 -0.0121683
0.4457841 -0.0119524
0.4543713 -0.0117304
0.4629742 -0.0115031
0.4715904 -0.0112711
0.4802174 -0.0110350
0.4888525 -0.0107955
0.4974932 -0.0105532
0.5061371 -0.0103086
0.5147815 -0.0100624
0.5234239 -0.0098150
0.5320618 -0.0095671
0.5406925 -0.0093191
0.5493134 -0.0090715
0.5579221 -0.0088247
0.5665160 -0.0085793
0.5750924 -0.0083357
0.5836487 -0.0080942
0.5921825 -0.0078552
0.6006911 -0.0076191
0.6091719 -0.0073862
0.6176224 -0.0071567
0.6260401 -0.0069311
0.6344222 -0.0067096
0.6427664 -0.0064923
0.6510700 -0.0062795
0.6593304 -0.0060715
0.6675452 -0.0058682
0.6757119 -0.0056700
0.6838278 -0.0054770
0.6918905 -0.0052892
0.6998975 -0.0051067
0.7078464 -0.0049297
0.7157346 -0.0047581
0.7235596 -0.0045920
0.7313191 -0.0044314
0.7390106 -0.0042764
0.7466318 -0.0041268
0.7541801 -0.0039828
0.7616533 -0.0038441
0.7690489 -0.0037109
0.7763647 -0.0035829
0.7835983 -0.0034602
0.7907474 -0.0033426
0.7978099 -0.0032301
0.8047833 -0.0031226
0.8116655 -0.0030199
0.8184543 -0.0029219
0.8251475 -0.0028285
0.8317429 -0.0027396
0.8382386 -0.0026551
0.8446322 -0.0025747
0.8509218 -0.0024984
0.8571054 -0.0024261
0.8631809 -0.0023575
0.8691464 -0.0022926
0.8749999 -0.0022312
0.8807395 -0.0021731
0.8863634 -0.0021183
0.8918696 -0.0020665
0.8972564 -0.0020177
0.9025220 -0.0019717
0.9076647 -0.0019284
0.9126828 -0.0018877
0.9175745 -0.0018493
0.9223384 -0.0018133
0.9269727 -0.0017795
0.9314760 -0.0017477
0.9358467 -0.0017180
0.9400835 -0.0016900
0.9441847 -0.0016639
0.9481492 -0.0016394
0.9519755 -0.0016165
0.9556624 -0.0015951
0.9592086 -0.0015752
0.9626129 -0.0015565
0.9658742 -0.0015391
0.9689913 -0.0015230
0.9719633 -0.0015080
0.9747889 -0.0014940
0.9774675 -0.0014811
0.9799979 -0.0014692
0.9823793 -0.0014582
0.9846110 -0.0014481
0.9866921 -0.0014388
0.9886219 -0.0014303
0.9903999 -0.0014227
0.9920252 -0.0014158
0.9934975 -0.0014096
0.9948162 -0.0014041
0.9959808 -0.0013994
0.9969909 -0.0013953
0.9978463 -0.0013918
0.9985465 -0.0013890
0.9990914 -0.0013868
0.9994807 -0.0013853
0.9997143 -0.0013844
0.9997922 -0.0013841
