AIRFOIL_LNY
1.0001396 0.0008083
1.0000646 0.0008283
0.9998396 0.0008883
0.9994648 0.0009882
0.9989401 0.0011279
0.9982658 0.0013073
0.9974419 0.0015261
0.9964688 0.0017841
0.9953467 0.0020809
0.9940758 0.0024163
0.9926566 0.0027899
0.9910894 0.0032011
0.9893745 0.0036495
0.9875126 0.0041347
0.9855040 0.0046560
0.9833492 0.0052129
0.9810490 0.0058046
0.9786038 0.0064305
0.9760144 0.0070900
0.9732814 0.0077821
0.9704055 0.0085062
0.9673876 0.0092614
0.9642285 0.0100468
0.9609289 0.0108615
0.9574898 0.0117046
0.9539122 0.0125752
0.9501969 0.0134721
0.9463451 0.0143945
0.9423577 0.0153412
0.9382359 0.0163112
0.9339808 0.0173034
0.9295935 0.0183166
0.9250753 0.0193497
0.9204273 0.0204016
0.9156510 0.0214710
0.9107476 0.0225567
0.9057185 0.0236576
0.9005651 0.0247724
0.8952888 0.0258998
0.8898911 0.0270385
0.8843735 0.0281874
0.8787376 0.0293451
0.8729850 0.0305104
0.8671173 0.0316818
0.8611362 0.0328582
0.8550433 0.0340382
0.8488404 0.0352206
0.8425293 0.0364039
0.8361118 0.0375869
0.8295898 0.0387683
0.8229650 0.0399468
0.8162395 0.0411211
0.8094152 0.0422898
0.8024940 0.0434517
0.7954780 0.0446056
0.7883692 0.0457500
0.7811697 0.0468838
0.7738817 0.0480057
0.7665071 0.0491144
0.7590483 0.0502087
0.7515074 0.0512875
0.7438867 0.0523494
0.7361884 0.0533934
0.7284148 0.0544182
0.7205682 0.0554227
0.7126510 0.0564057
0.7046655 0.0573662
0.6966142 0.0583030
0.6884995 0.0592151
0.6803237 0.0601014
0.6720894 0.0609610
0.6637992 0.0617927
0.6554554 0.0625957
0.6470607 0.0633689
0.6386175 0.0641115
0.6301286 0.0648225
0.6215965 0.0655011
0.6130238 0.0661465
0.6044132 0.0667579
0.5957673 0.0673343
0.5870888 0.0678752
0.5783805 0.0683798
0.5696450 0.0688475
0.5609052 0.0692787
0.5521688 0.0696823
0.5434146 0.0700595
0.5346455 0.0704098
0.5258640 0.0707328
0.5170731 0.0710281
0.5082753 0.0712951
0.4994735 0.0715336
0.4906704 0.0717432
0.4818687 0.0719234
0.4730713 0.0720741
0.4642808 0.0721948
0.4555001 0.0722852
0.4467319 0.0723453
0.4379789 0.0723746
0.4292440 0.0723731
0.4205299 0.0723405
0.4118393 0.0722767
0.4031749 0.0721815
0.3945397 0.0720549
0.3859362 0.0718968
0.3773672 0.0717072
0.3688354 0.0714860
0.3603436 0.0712333
0.3518944 0.0709492
0.3434906 0.0706336
0.3351348 0.0702867
0.3268296 0.0699087
0.3185778 0.0694997
0.3103820 0.0690599
0.3022448 0.0685895
0.2941687 0.0680889
0.2861564 0.0675582
0.2782104 0.0669978
0.2703333 0.0664081
0.2625275 0.0657894
0.2547956 0.0651422
0.2471400 0.0644668
0.2395632 0.0637638
0.2320676 0.0630337
0.2246556 0.0622769
0.2173295 0.0614940
0.2100917 0.0606857
0.2029445 0.0598524
0.1958901 0.0589949
0.1889307 0.0581138
0.1820687 0.0572097
0.1753060 0.0562835
0.1686450 0.0553357
0.1620876 0.0543672
0.1556360 0.0533788
0.1492922 0.0523711
0.1430581 0.0513451
0.1369356 0.0503015
0.1309269 0.0492413
0.1250335 0.0481651
0.1192575 0.0470740
0.1136006 0.0459687
0.1080645 0.0448503
0.1026510 0.0437194
0.0973616 0.0425772
0.0921981 0.0414245
0.0871620 0.0402622
0.0822548 0.0390911
0.0774779 0.0379124
0.0728330 0.0367267
0.0683212 0.0355352
0.0639441 0.0343386
0.0597028 0.0331379
0.0555987 0.0319340
0.0516329 0.0307277
0.0478067 0.0295200
0.0441211 0.0283117
0.0405772 0.0271037
0.0371760 0.0258967
0.0339186 0.0246917
0.0308058 0.0234893
0.0278385 0.0222905
0.0250176 0.0210958
0.0223438 0.0199062
0.0198180 0.0187222
0.0174407 0.0175445
0.0152127 0.0163739
0.0131345 0.0152109
0.0112068 0.0140561
0.0094299 0.0129101
0.0078044 0.0117734
0.0063307 0.0106465
0.0050092 0.0095299
0.0038401 0.0084239
0.0028238 0.0073290
0.0019604 0.0062456
0.0012502 0.0051739
0.0006934 0.0041142
0.0002899 0.0030668
0.0000398 0.0020319
-0.0000568 0.0010096
0.0000000 0.0000000
0.0002091 -0.0009893
0.0005693 -0.0019509
0.0010806 -0.0028847
0.0017426 -0.0037906
0.0025551 -0.0046686
0.0035177 -0.0055187
0.0046301 -0.0063408
0.0058919 -0.0071350
0.0073025 -0.0079011
0.0088615 -0.0086393
0.0105684 -0.0093494
0.0124225 -0.0100315
0.0144232 -0.0106856
0.0165697 -0.0113117
0.0188615 -0.0119098
0.0212976 -0.0124800
0.0238773 -0.0130224
0.0265996 -0.0135369
0.0294638 -0.0140236
0.0324689 -0.0144826
0.0356138 -0.0149141
0.0388976 -0.0153180
0.0423191 -0.0156945
0.0458773 -0.0160437
0.0495711 -0.0163658
0.0533993 -0.0166609
0.0573605 -0.0169291
0.0614537 -0.0171706
0.0656775 -0.0173856
0.0700305 -0.0175743
0.0745115 -0.0177370
0.0791189 -0.0178738
0.0838515 -0.0179850
0.0887077 -0.0180708
0.0936860 -0.0181316
0.0987849 -0.0181677
0.1040029 -0.0181793
0.1093383 -0.0181668
0.1147895 -0.0181305
0.1203550 -0.0180708
0.1260329 -0.0179881
0.1318216 -0.0178828
0.1377194 -0.0177553
0.1437246 -0.0176060
0.1498352 -0.0174354
0.1560495 -0.0172440
0.1623656 -0.0170322
0.1687818 -0.0168006
0.1752960 -0.0165496
0.1819064 -0.0162798
0.1886110 -0.0159918
0.1954078 -0.0156861
0.2022949 -0.0153632
0.2092703 -0.0150239
0.2163318 -0.0146686
0.2234776 -0.0142980
0.2307053 -0.0139128
0.2380131 -0.0135135
0.2453987 -0.0131009
0.2528600 -0.0126755
0.2603948 -0.0122382
0.2680009 -0.0117894
0.2756762 -0.0113299
0.2834185 -0.0108605
0.2912254 -0.0103817
0.2990947 -0.0098944
0.3070241 -0.0093991
0.3150114 -0.0088966
0.3230542 -0.0083876
0.3311502 -0.0078728
0.3392971 -0.0073529
0.3474924 -0.0068286
0.3557339 -0.0063005
0.3640191 -0.0057695
0.3723455 -0.0052360
0.3807109 -0.0047010
0.3891128 -0.0041649
0.3975486 -0.0036284
0.4060161 -0.0030923
0.4145126 -0.0025570
0.4230357 -0.0020234
0.4315829 -0.0014919
0.4401517 -0.0009631
0.4487396 -0.0004377
0.4573441 0.0000838
0.4659627 0.0006009
0.4745927 0.0011129
0.4832318 0.0016195
0.4918772 0.0021201
0.5005265 0.0026142
0.5091771 0.0031014
0.5178264 0.0035813
0.5264719 0.0040534
0.5351110 0.0045173
0.5437411 0.0049727
0.5523597 0.0054193
0.5609641 0.0058567
0.5695281 0.0062829
0.5780540 0.0066887
0.5865593 0.0070728
0.5950417 0.0074350
0.6034985 0.0077753
0.6119273 0.0080936
0.6203254 0.0083899
0.6286904 0.0086641
0.6370198 0.0089164
0.6453111 0.0091468
0.6535616 0.0093554
0.6617690 0.0095425
0.6699307 0.0097081
0.6780442 0.0098526
0.6861071 0.0099761
0.6941169 0.0100790
0.7020711 0.0101615
0.7099673 0.0102241
0.7178029 0.0102671
0.7255757 0.0102908
0.7332832 0.0102958
0.7409229 0.0102825
0.7484926 0.0102513
0.7559898 0.0102028
0.7634121 0.0101375
0.7707574 0.0100559
0.7780232 0.0099586
0.7852072 0.0098461
0.7923072 0.0097192
0.7993210 0.0095783
0.8062463 0.0094242
0.8130809 0.0092574
0.8198226 0.0090787
0.8264693 0.0088886
0.8330188 0.0086880
0.8394690 0.0084773
0.8458180 0.0082574
0.8520635 0.0080290
0.8582036 0.0077927
0.8642364 0.0075492
0.8701598 0.0072993
0.8759720 0.0070436
0.8816709 0.0067829
0.8872549 0.0065178
0.8927220 0.0062492
0.8980704 0.0059776
0.9032985 0.0057037
0.9084044 0.0054283
0.9133866 0.0051520
0.9182432 0.0048755
0.9229728 0.0045995
0.9275738 0.0043246
0.9320446 0.0040514
0.9363838 0.0037806
0.9405899 0.0035128
0.9446614 0.0032486
0.9485971 0.0029886
0.9523956 0.0027333
0.9560556 0.0024833
0.9595760 0.0022392
0.9629554 0.0020015
0.9661928 0.0017707
0.9692871 0.0015472
0.9722372 0.0013316
0.9750421 0.0011242
0.9777009 0.0009256
0.9802127 0.0007361
0.9825766 0.0005561
0.9847918 0.0003860
0.9868575 0.0002261
0.9887731 0.0000767
0.9905378 -0.0000618
0.9921511 -0.0001893
0.9936125 -0.0003053
0.9949214 -0.0004098
0.9960773 -0.0005024
0.9970800 -0.0005831
0.9979289 -0.0006516
0.9986240 -0.0007079
0.9991648 -0.0007517
0.9995512 -0.0007831
0.9997831 -0.0008020
0.9998604 -0.0008083
