AIRFOIL_LNY
1.0000348 0.0011905
0.9999590 0.0012028
0.9997314 0.0012398
0.9993522 0.0013014
0.9988215 0.0013875
0.9981394 0.0014980
0.9973062 0.0016330
0.9963221 0.0017922
0.9951873 0.0019756
0.9939023 0.0021829
0.9924674 0.0024140
0.9908830 0.0026687
0.9891497 0.0029467
0.9872678 0.0032479
0.9852380 0.0035720
0.9830610 0.0039187
0.9807373 0.0042877
0.9782676 0.0046787
0.9756526 0.0050914
0.9728933 0.0055255
0.9699903 0.0059805
0.9669445 0.0064561
0.9637570 0.0069520
0.9604285 0.0074677
0.9569601 0.0080029
0.9533529 0.0085570
0.9496079 0.0091297
0.9457262 0.0097205
0.9417091 0.0103290
0.9375576 0.0109546
0.9332732 0.0115970
0.9288569 0.0122556
0.9243103 0.0129299
0.9196345 0.0136195
0.9148311 0.0143238
0.9099015 0.0150423
0.9048471 0.0157745
0.8996695 0.0165198
0.8943702 0.0172778
0.8889509 0.0180479
0.8834131 0.0188295
0.8777586 0.0196222
0.8719890 0.0204253
0.8661060 0.0212384
0.8601115 0.0220608
0.8540073 0.0228920
0.8477951 0.0237315
0.8414769 0.0245787
0.8350545 0.0254330
0.8285300 0.0262939
0.8219052 0.0271607
0.8151822 0.0280331
0.8083630 0.0289103
0.8014497 0.0297918
0.7944444 0.0306770
0.7873491 0.0315655
0.7801661 0.0324565
0.7728975 0.0333495
0.7655454 0.0342440
0.7581122 0.0351393
0.7506001 0.0360349
0.7430113 0.0369303
0.7353482 0.0378247
0.7276131 0.0387177
0.7198083 0.0396087
0.7119362 0.0404970
0.7039992 0.0413821
0.6959997 0.0422634
0.6879401 0.0431402
0.6798229 0.0440121
0.6716505 0.0448784
0.6634255 0.0457384
0.6551502 0.0465917
0.6468273 0.0474375
0.6384593 0.0482753
0.6300487 0.0491045
0.6215981 0.0499244
0.6131101 0.0507345
0.6045871 0.0515341
0.5960319 0.0523226
0.5874471 0.0530993
0.5788352 0.0538637
0.5701989 0.0546152
0.5615408 0.0553531
0.5528636 0.0560767
0.5441699 0.0567855
0.5354624 0.0574789
0.5267437 0.0581562
0.5180164 0.0588167
0.5092834 0.0594600
0.5005471 0.0600853
0.4918103 0.0606921
0.4830758 0.0612797
0.4743460 0.0618476
0.4656238 0.0623951
0.4569117 0.0629217
0.4482125 0.0634268
0.4395288 0.0639098
0.4308633 0.0643701
0.4222186 0.0648072
0.4135974 0.0652205
0.4050023 0.0656096
0.3964360 0.0659738
0.3879010 0.0663127
0.3794001 0.0666258
0.3709358 0.0669126
0.3625107 0.0671727
0.3541274 0.0674056
0.3457884 0.0676108
0.3374965 0.0677881
0.3292540 0.0679369
0.3210635 0.0680570
0.3129275 0.0681480
0.3048486 0.0682095
0.2968293 0.0682413
0.2888719 0.0682431
0.2809789 0.0682147
0.2731528 0.0681558
0.2653960 0.0680663
0.2577108 0.0679459
0.2500997 0.0677946
0.2425649 0.0676122
0.2351087 0.0673986
0.2277336 0.0671538
0.2204417 0.0668778
0.2132352 0.0665705
0.2061165 0.0662320
0.1990157 0.0658606
0.1918790 0.0654370
0.1848423 0.0649567
0.1779083 0.0644209
0.1710791 0.0638309
0.1643572 0.0631881
0.1577448 0.0624939
0.1512442 0.0617496
0.1448576 0.0609568
0.1385871 0.0601169
0.1324348 0.0592314
0.1264028 0.0583020
0.1204929 0.0573302
0.1147072 0.0563175
0.1090475 0.0552657
0.1035156 0.0541762
0.0981133 0.0530509
0.0928422 0.0518913
0.0877041 0.0506990
0.0827004 0.0494758
0.0778328 0.0482234
0.0731026 0.0469432
0.0685113 0.0456372
0.0640603 0.0443067
0.0597507 0.0429536
0.0555839 0.0415793
0.0515610 0.0401856
0.0476830 0.0387739
0.0439512 0.0373458
0.0403663 0.0359028
0.0369294 0.0344465
0.0336414 0.0329782
0.0305030 0.0314994
0.0275149 0.0300115
0.0246780 0.0285157
0.0219928 0.0270135
0.0194599 0.0255059
0.0170798 0.0239943
0.0148530 0.0224797
0.0127799 0.0209632
0.0108610 0.0194459
0.0090963 0.0179287
0.0074863 0.0164126
0.0060311 0.0148983
0.0047309 0.0133868
0.0035858 0.0118786
0.0025957 0.0103745
0.0017607 0.0088750
0.0010807 0.0073807
0.0005556 0.0058920
0.0001852 0.0044093
-0.0000307 0.0029329
-0.0000923 0.0014631
0.0000000 0.0000000
0.0002446 -0.0014455
0.0006398 -0.0028624
0.0011853 -0.0042508
0.0018804 -0.0056106
0.0027246 -0.0069418
0.0037174 -0.0082446
0.0048582 -0.0095188
0.0061462 -0.0107645
0.0075807 -0.0119820
0.0091611 -0.0131711
0.0108865 -0.0143322
0.0127561 -0.0154652
0.0147690 -0.0165705
0.0169243 -0.0176481
0.0192212 -0.0186982
0.0216585 -0.0197212
0.0242354 -0.0207172
0.0269507 -0.0216865
0.0298034 -0.0226293
0.0327925 -0.0235461
0.0359166 -0.0244371
0.0391748 -0.0253027
0.0425657 -0.0261433
0.0460882 -0.0269592
0.0497410 -0.0277509
0.0535229 -0.0285188
0.0574325 -0.0292634
0.0614685 -0.0299851
0.0656296 -0.0306846
0.0699143 -0.0313622
0.0743214 -0.0320186
0.0788493 -0.0326544
0.0834966 -0.0332701
0.0882620 -0.0338664
0.0931439 -0.0344440
0.0981408 -0.0350035
0.1032512 -0.0355455
0.1084737 -0.0360710
0.1138066 -0.0365804
0.1192484 -0.0370748
0.1247975 -0.0375547
0.1304524 -0.0380212
0.1362115 -0.0384748
0.1420731 -0.0389167
0.1480356 -0.0393475
0.1540974 -0.0397682
0.1602568 -0.0401797
0.1665122 -0.0405829
0.1728619 -0.0409788
0.1793041 -0.0413684
0.1858373 -0.0417525
0.1924596 -0.0421323
0.1991693 -0.0425087
0.2060983 -0.0428774
0.2131883 -0.0432201
0.2203654 -0.0435354
0.2276274 -0.0438235
0.2349720 -0.0440843
0.2423971 -0.0443182
0.2499003 -0.0445252
0.2574796 -0.0447056
0.2651324 -0.0448596
0.2728567 -0.0449875
0.2806499 -0.0450895
0.2885099 -0.0451659
0.2964341 -0.0452171
0.3044202 -0.0452434
0.3124659 -0.0452451
0.3205686 -0.0452226
0.3287259 -0.0451764
0.3369354 -0.0451069
0.3451946 -0.0450144
0.3535009 -0.0448995
0.3618520 -0.0447625
0.3702452 -0.0446040
0.3786780 -0.0444244
0.3871479 -0.0442243
0.3956524 -0.0440041
0.4041887 -0.0437644
0.4127545 -0.0435057
0.4213470 -0.0432286
0.4299636 -0.0429335
0.4386019 -0.0426210
0.4472590 -0.0422916
0.4559326 -0.0419460
0.4646198 -0.0415847
0.4733180 -0.0412081
0.4820247 -0.0408170
0.4907372 -0.0404117
0.4994529 -0.0399930
0.5081690 -0.0395612
0.5168831 -0.0391171
0.5255923 -0.0386611
0.5342941 -0.0381938
0.5429858 -0.0377157
0.5516648 -0.0372273
0.5603285 -0.0367292
0.5689742 -0.0362219
0.5775992 -0.0357059
0.5862011 -0.0351817
0.5947770 -0.0346499
0.6033246 -0.0341109
0.6118410 -0.0335651
0.6203238 -0.0330132
0.6287703 -0.0324555
0.6371780 -0.0318925
0.6455444 -0.0313247
0.6538668 -0.0307526
0.6621427 -0.0301765
0.6703696 -0.0295969
0.6785451 -0.0290142
0.6866665 -0.0284289
0.6947314 -0.0278414
0.7027374 -0.0272520
0.7106820 -0.0266611
0.7185628 -0.0260693
0.7263774 -0.0254768
0.7341233 -0.0248840
0.7417983 -0.0242913
0.7493999 -0.0236990
0.7569259 -0.0231076
0.7643738 -0.0225174
0.7717416 -0.0219288
0.7790268 -0.0213420
0.7862273 -0.0207575
0.7933409 -0.0201756
0.8003653 -0.0195966
0.8072984 -0.0190208
0.8141382 -0.0184487
0.8208824 -0.0178805
0.8275291 -0.0173166
0.8340761 -0.0167573
0.8405215 -0.0162029
0.8468633 -0.0156538
0.8530995 -0.0151102
0.8592283 -0.0145726
0.8652477 -0.0140411
0.8711558 -0.0135162
0.8769510 -0.0129982
0.8826313 -0.0124874
0.8881950 -0.0119840
0.8936405 -0.0114884
0.8989660 -0.0110010
0.9041699 -0.0105220
0.9092506 -0.0100518
0.9142065 -0.0095906
0.9190361 -0.0091388
0.9237378 -0.0086966
0.9283104 -0.0082644
0.9327522 -0.0078425
0.9370621 -0.0074311
0.9412385 -0.0070305
0.9452803 -0.0066411
0.9491862 -0.0062631
0.9529549 -0.0058968
0.9565853 -0.0055424
0.9600764 -0.0052003
0.9634269 -0.0048706
0.9666359 -0.0045537
0.9697023 -0.0042497
0.9726253 -0.0039590
0.9754039 -0.0036817
0.9780372 -0.0034181
0.9805244 -0.0031683
0.9828648 -0.0029326
0.9850577 -0.0027112
0.9871023 -0.0025043
0.9889979 -0.0023119
0.9907442 -0.0021343
0.9923403 -0.0019717
0.9937860 -0.0018242
0.9950807 -0.0016918
0.9962241 -0.0015747
0.9972157 -0.0014730
0.9980553 -0.0013869
0.9987425 -0.0013163
0.9992773 -0.0012613
0.9996594 -0.0012220
0.9998887 -0.0011984
0.9999652 -0.0011905
