AIRFOIL_LNY
1.0000575 0.0011677
0.9999818 0.0011814
0.9997548 0.0012223
0.9993766 0.0012905
0.9988472 0.0013859
0.9981668 0.0015084
0.9973356 0.0016578
0.9963539 0.0018342
0.9952219 0.0020372
0.9939400 0.0022668
0.9925085 0.0025227
0.9909279 0.0028046
0.9891987 0.0031124
0.9873212 0.0034458
0.9852962 0.0038045
0.9831241 0.0041881
0.9808057 0.0045964
0.9783415 0.0050290
0.9757324 0.0054854
0.9729790 0.0059654
0.9700822 0.0064685
0.9670429 0.0069943
0.9638620 0.0075423
0.9605403 0.0081121
0.9570788 0.0087032
0.9534787 0.0093151
0.9497408 0.0099473
0.9458664 0.0105993
0.9418566 0.0112706
0.9377126 0.0119607
0.9334356 0.0126689
0.9290268 0.0133947
0.9244876 0.0141376
0.9198193 0.0148969
0.9150233 0.0156721
0.9101010 0.0164626
0.9050539 0.0172677
0.8998835 0.0180870
0.8945912 0.0189196
0.8891788 0.0197651
0.8836478 0.0206228
0.8779998 0.0214921
0.8722366 0.0223723
0.8663598 0.0232627
0.8603713 0.0241629
0.8542727 0.0250720
0.8480659 0.0259895
0.8417529 0.0269146
0.8353354 0.0278469
0.8288154 0.0287855
0.8221948 0.0297299
0.8154757 0.0306793
0.8086600 0.0316332
0.8017498 0.0325909
0.7947472 0.0335516
0.7876543 0.0345149
0.7804732 0.0354799
0.7732061 0.0364461
0.7658551 0.0374127
0.7584225 0.0383792
0.7509106 0.0393448
0.7433215 0.0403090
0.7356576 0.0412709
0.7279213 0.0422301
0.7201147 0.0431858
0.7122404 0.0441373
0.7043007 0.0450840
0.6962979 0.0460253
0.6882346 0.0469604
0.6801131 0.0478887
0.6719360 0.0488097
0.6637057 0.0497225
0.6554247 0.0506265
0.6470955 0.0515211
0.6387207 0.0524056
0.6303028 0.0532794
0.6218443 0.0541418
0.6133479 0.0549921
0.6048162 0.0558297
0.5962517 0.0566540
0.5876571 0.0574642
0.5790349 0.0582597
0.5703879 0.0590399
0.5617186 0.0598041
0.5530298 0.0605517
0.5443240 0.0612820
0.5356040 0.0619945
0.5268724 0.0626884
0.5181319 0.0633632
0.5093852 0.0640181
0.5006349 0.0646527
0.4918838 0.0652663
0.4831345 0.0658583
0.4743898 0.0664281
0.4656522 0.0669752
0.4569246 0.0674988
0.4482097 0.0679986
0.4395100 0.0684739
0.4308282 0.0689242
0.4221672 0.0693489
0.4135294 0.0697477
0.4049177 0.0701198
0.3963347 0.0704650
0.3877829 0.0707827
0.3792651 0.0710724
0.3707839 0.0713338
0.3623420 0.0715664
0.3539419 0.0717699
0.3455862 0.0719438
0.3372776 0.0720878
0.3290186 0.0722017
0.3207969 0.0722849
0.3125321 0.0723268
0.3043251 0.0723212
0.2961788 0.0722681
0.2880959 0.0721677
0.2800789 0.0720204
0.2721307 0.0718262
0.2642537 0.0715856
0.2564506 0.0712990
0.2487240 0.0709667
0.2410765 0.0705891
0.2335105 0.0701669
0.2260287 0.0697005
0.2186333 0.0691904
0.2113269 0.0686374
0.2041119 0.0680420
0.1969906 0.0674050
0.1899655 0.0667271
0.1830387 0.0660091
0.1762125 0.0652517
0.1694893 0.0644559
0.1628710 0.0636225
0.1563600 0.0627524
0.1499583 0.0618466
0.1436679 0.0609059
0.1374910 0.0599315
0.1314294 0.0589243
0.1254850 0.0578854
0.1196599 0.0568159
0.1139557 0.0557168
0.1083743 0.0545892
0.1029175 0.0534343
0.0975869 0.0522531
0.0923842 0.0510469
0.0873110 0.0498167
0.0823688 0.0485638
0.0775591 0.0472893
0.0728834 0.0459944
0.0683431 0.0446801
0.0639395 0.0433478
0.0596739 0.0419986
0.0555475 0.0406335
0.0515617 0.0392538
0.0477174 0.0378605
0.0440158 0.0364549
0.0404579 0.0350379
0.0370448 0.0336107
0.0337773 0.0321744
0.0306563 0.0307299
0.0276827 0.0292783
0.0248573 0.0278205
0.0221808 0.0263575
0.0196539 0.0248903
0.0172771 0.0234197
0.0150512 0.0219466
0.0129765 0.0204717
0.0110537 0.0189960
0.0092831 0.0175200
0.0076651 0.0160445
0.0062001 0.0145702
0.0048883 0.0130976
0.0037299 0.0116273
0.0027252 0.0101599
0.0018743 0.0086958
0.0011773 0.0072353
0.0006342 0.0057790
0.0002449 0.0043271
0.0000096 0.0028798
-0.0000720 0.0014374
0.0000000 0.0000000
0.0002243 -0.0014216
0.0005996 -0.0028166
0.0011255 -0.0041851
0.0018018 -0.0055269
0.0026280 -0.0068420
0.0036038 -0.0081303
0.0047286 -0.0093917
0.0060020 -0.0106261
0.0074234 -0.0118335
0.0089922 -0.0130138
0.0107077 -0.0141670
0.0125693 -0.0152930
0.0145762 -0.0163918
0.0167277 -0.0174634
0.0190230 -0.0185076
0.0214612 -0.0195246
0.0240414 -0.0205142
0.0267627 -0.0214765
0.0296241 -0.0224115
0.0326246 -0.0233191
0.0357633 -0.0241995
0.0390389 -0.0250525
0.0424504 -0.0258784
0.0459966 -0.0266771
0.0496764 -0.0274487
0.0534886 -0.0281934
0.0574318 -0.0289111
0.0615049 -0.0296020
0.0657064 -0.0302663
0.0700351 -0.0309041
0.0744896 -0.0315155
0.0790685 -0.0321008
0.0837703 -0.0326601
0.0885936 -0.0331938
0.0935370 -0.0337019
0.0985988 -0.0341848
0.1037776 -0.0346427
0.1090717 -0.0350760
0.1144797 -0.0354850
0.1199999 -0.0358701
0.1256306 -0.0362315
0.1313701 -0.0365697
0.1372169 -0.0368852
0.1431692 -0.0371782
0.1492253 -0.0374494
0.1553833 -0.0376991
0.1616416 -0.0379279
0.1679984 -0.0381363
0.1744517 -0.0383249
0.1809999 -0.0384941
0.1876409 -0.0386446
0.1943731 -0.0387770
0.2011943 -0.0388919
0.2081029 -0.0389899
0.2150967 -0.0390717
0.2221738 -0.0391380
0.2293323 -0.0391894
0.2365702 -0.0392267
0.2438854 -0.0392506
0.2512760 -0.0392617
0.2587398 -0.0392610
0.2662747 -0.0392490
0.2738788 -0.0392266
0.2815499 -0.0391945
0.2892859 -0.0391535
0.2970845 -0.0391044
0.3049438 -0.0390479
0.3128613 -0.0389849
0.3208351 -0.0389162
0.3289613 -0.0388363
0.3371543 -0.0387358
0.3453968 -0.0386152
0.3536864 -0.0384748
0.3620207 -0.0383152
0.3703970 -0.0381369
0.3788130 -0.0379404
0.3872660 -0.0377263
0.3957537 -0.0374951
0.4042733 -0.0372472
0.4128224 -0.0369834
0.4213984 -0.0367041
0.4299987 -0.0364099
0.4386207 -0.0361013
0.4472619 -0.0357789
0.4559196 -0.0354433
0.4645913 -0.0350950
0.4732743 -0.0347345
0.4819660 -0.0343625
0.4906638 -0.0339795
0.4993651 -0.0335859
0.5080673 -0.0331824
0.5167676 -0.0327695
0.5254636 -0.0323477
0.5341525 -0.0319176
0.5428317 -0.0314795
0.5514987 -0.0310341
0.5601507 -0.0305819
0.5687852 -0.0301233
0.5773995 -0.0296588
0.5859911 -0.0291888
0.5945573 -0.0287139
0.6030955 -0.0282344
0.6116031 -0.0277509
0.6200776 -0.0272636
0.6285163 -0.0267732
0.6369167 -0.0262798
0.6452762 -0.0257840
0.6535923 -0.0252862
0.6618625 -0.0247866
0.6700841 -0.0242857
0.6782548 -0.0237838
0.6863720 -0.0232813
0.6944332 -0.0227784
0.7024360 -0.0222756
0.7103778 -0.0217731
0.7182564 -0.0212712
0.7260692 -0.0207703
0.7338139 -0.0202706
0.7414881 -0.0197724
0.7490894 -0.0192760
0.7566155 -0.0187817
0.7640641 -0.0182897
0.7714330 -0.0178002
0.7787197 -0.0173136
0.7859221 -0.0168301
0.7930380 -0.0163499
0.8000652 -0.0158732
0.8070015 -0.0154003
0.8138447 -0.0149315
0.8205928 -0.0144669
0.8272437 -0.0140068
0.8337952 -0.0135514
0.8402455 -0.0131009
0.8465924 -0.0126555
0.8528341 -0.0122155
0.8589685 -0.0117810
0.8649939 -0.0113524
0.8709082 -0.0109297
0.8767097 -0.0105133
0.8823966 -0.0101032
0.8879671 -0.0096998
0.8934195 -0.0093033
0.8987521 -0.0089138
0.9039631 -0.0085315
0.9090511 -0.0081567
0.9140143 -0.0077896
0.9188513 -0.0074303
0.9235605 -0.0070791
0.9281405 -0.0067362
0.9325898 -0.0064018
0.9369071 -0.0060761
0.9410910 -0.0057592
0.9451401 -0.0054515
0.9490532 -0.0051529
0.9528291 -0.0048639
0.9564666 -0.0045845
0.9599646 -0.0043149
0.9633219 -0.0040553
0.9665375 -0.0038059
0.9696104 -0.0035668
0.9725396 -0.0033383
0.9753242 -0.0031204
0.9779633 -0.0029134
0.9804560 -0.0027174
0.9828017 -0.0025325
0.9849995 -0.0023588
0.9870488 -0.0021965
0.9889489 -0.0020458
0.9906992 -0.0019067
0.9922992 -0.0017793
0.9937483 -0.0016637
0.9950462 -0.0015600
0.9961923 -0.0014684
0.9971863 -0.0013888
0.9980279 -0.0013214
0.9987169 -0.0012661
0.9992530 -0.0012231
0.9996360 -0.0011924
0.9998659 -0.0011739
0.9999425 -0.0011677
