AIRFOIL_LNY
1.0003603 0.0018546
1.0002871 0.0018851
1.0000676 0.0019767
0.9997019 0.0021292
0.9991899 0.0023424
0.9985319 0.0026162
0.9977278 0.0029502
0.9967780 0.0033441
0.9956825 0.0037973
0.9944415 0.0043095
0.9930554 0.0048801
0.9915244 0.0055084
0.9898487 0.0061937
0.9880287 0.0069354
0.9860648 0.0077325
0.9839573 0.0085842
0.9817066 0.0094896
0.9793133 0.0104478
0.9767778 0.0114576
0.9741006 0.0125179
0.9712822 0.0136277
0.9683233 0.0147857
0.9652243 0.0159907
0.9619861 0.0172414
0.9586092 0.0185364
0.9550944 0.0198743
0.9514425 0.0212538
0.9476541 0.0226734
0.9437301 0.0241314
0.9396714 0.0256265
0.9354789 0.0271570
0.9311535 0.0287213
0.9266962 0.0303178
0.9221079 0.0319447
0.9173897 0.0336005
0.9125427 0.0352832
0.9075681 0.0369913
0.9024669 0.0387229
0.8972404 0.0404762
0.8918898 0.0422494
0.8864163 0.0440407
0.8808214 0.0458483
0.8751064 0.0476702
0.8692726 0.0495046
0.8633215 0.0513496
0.8572546 0.0532033
0.8510735 0.0550639
0.8447796 0.0569294
0.8383746 0.0587979
0.8318601 0.0606676
0.8252378 0.0625365
0.8185095 0.0644027
0.8116769 0.0662643
0.8047418 0.0681194
0.7977061 0.0699662
0.7905717 0.0718027
0.7833405 0.0736270
0.7760145 0.0754374
0.7685957 0.0772319
0.7610861 0.0790088
0.7534879 0.0807661
0.7458032 0.0825020
0.7380342 0.0842149
0.7301830 0.0859028
0.7222521 0.0875640
0.7142435 0.0891968
0.7061597 0.0907994
0.6980031 0.0923702
0.6897761 0.0939074
0.6814811 0.0954094
0.6731206 0.0968746
0.6646971 0.0983014
0.6562132 0.0996882
0.6476716 0.1010333
0.6390747 0.1023354
0.6304254 0.1035929
0.6217262 0.1048044
0.6129800 0.1059683
0.6041895 0.1070834
0.5953831 0.1081486
0.5866702 0.1091753
0.5779267 0.1101697
0.5691551 0.1111305
0.5603584 0.1120569
0.5515392 0.1129477
0.5427004 0.1138020
0.5338448 0.1146188
0.5249751 0.1153972
0.5160943 0.1161362
0.5072051 0.1168349
0.4983105 0.1174924
0.4894132 0.1181078
0.4805162 0.1186803
0.4716223 0.1192090
0.4627345 0.1196931
0.4538556 0.1201318
0.4449885 0.1205245
0.4361361 0.1208703
0.4273014 0.1211685
0.4184872 0.1214186
0.4096965 0.1216198
0.4009321 0.1217716
0.3921969 0.1218734
0.3834940 0.1219248
0.3748260 0.1219251
0.3661960 0.1218740
0.3576069 0.1217710
0.3490614 0.1216159
0.3405624 0.1214082
0.3321129 0.1211476
0.3237156 0.1208341
0.3153733 0.1204673
0.3070889 0.1200471
0.2988651 0.1195735
0.2907047 0.1190463
0.2826105 0.1184656
0.2745851 0.1178315
0.2666313 0.1171440
0.2587518 0.1164033
0.2509491 0.1156096
0.2432260 0.1147632
0.2355850 0.1138644
0.2280286 0.1129134
0.2205594 0.1119108
0.2131800 0.1108570
0.2058927 0.1097526
0.1987000 0.1085980
0.1916042 0.1073938
0.1846078 0.1061409
0.1777130 0.1048397
0.1709221 0.1034912
0.1642373 0.1020961
0.1576609 0.1006553
0.1511949 0.0991696
0.1448415 0.0976400
0.1386026 0.0960675
0.1324804 0.0944530
0.1264768 0.0927977
0.1205937 0.0911025
0.1148329 0.0893686
0.1091963 0.0875973
0.1036856 0.0857895
0.0983025 0.0839466
0.0930487 0.0820697
0.0879259 0.0801602
0.0829355 0.0782192
0.0780791 0.0762480
0.0733581 0.0742480
0.0687740 0.0722204
0.0643280 0.0701666
0.0600215 0.0680878
0.0558558 0.0659854
0.0518319 0.0638606
0.0479511 0.0617149
0.0442145 0.0595494
0.0406230 0.0573655
0.0371777 0.0551644
0.0338795 0.0529475
0.0307293 0.0507159
0.0277278 0.0484708
0.0248760 0.0462135
0.0221744 0.0439451
0.0196238 0.0416668
0.0172247 0.0393796
0.0149779 0.0370846
0.0128837 0.0347829
0.0109427 0.0324754
0.0091552 0.0301630
0.0075217 0.0278467
0.0060425 0.0255273
0.0047179 0.0232055
0.0035480 0.0208823
0.0025331 0.0185582
0.0016734 0.0162339
0.0009688 0.0139099
0.0004195 0.0115869
0.0000255 0.0092653
-0.0002134 0.0069454
-0.0002972 0.0046278
-0.0002260 0.0023125
0.0000000 0.0000000
0.0003783 -0.0022926
0.0009064 -0.0045478
0.0015839 -0.0067657
0.0024105 -0.0089459
0.0033858 -0.0110883
0.0045093 -0.0131927
0.0057805 -0.0152587
0.0071988 -0.0172862
0.0087636 -0.0192749
0.0104744 -0.0212245
0.0123303 -0.0231347
0.0143307 -0.0250051
0.0164747 -0.0268356
0.0187616 -0.0286257
0.0211905 -0.0303750
0.0237604 -0.0320834
0.0264705 -0.0337503
0.0293197 -0.0353755
0.0323070 -0.0369585
0.0354314 -0.0384991
0.0386917 -0.0399969
0.0420869 -0.0414514
0.0456156 -0.0428625
0.0492768 -0.0442296
0.0530692 -0.0455525
0.0569915 -0.0468308
0.0610423 -0.0480643
0.0652205 -0.0492526
0.0695245 -0.0503955
0.0739531 -0.0514926
0.0785047 -0.0525437
0.0831779 -0.0535485
0.0879713 -0.0545070
0.0928833 -0.0554188
0.0979125 -0.0562838
0.1030571 -0.0571019
0.1083157 -0.0578730
0.1136867 -0.0585969
0.1191685 -0.0592737
0.1247593 -0.0599034
0.1304575 -0.0604858
0.1362615 -0.0610212
0.1421695 -0.0615096
0.1481798 -0.0619511
0.1542906 -0.0623459
0.1605002 -0.0626942
0.1668068 -0.0629962
0.1732085 -0.0632522
0.1797037 -0.0634625
0.1862903 -0.0636275
0.1929666 -0.0637475
0.1997308 -0.0638230
0.2065808 -0.0638545
0.2135148 -0.0638425
0.2205309 -0.0637875
0.2276271 -0.0636901
0.2348015 -0.0635509
0.2420521 -0.0633706
0.2493770 -0.0631499
0.2567740 -0.0628895
0.2642413 -0.0625902
0.2717767 -0.0622527
0.2793782 -0.0618779
0.2870437 -0.0614667
0.2947713 -0.0610199
0.3025586 -0.0605384
0.3104038 -0.0600231
0.3183045 -0.0594751
0.3262587 -0.0588953
0.3342643 -0.0582846
0.3423189 -0.0576441
0.3504206 -0.0569749
0.3585669 -0.0562780
0.3667558 -0.0555544
0.3749849 -0.0548051
0.3832521 -0.0540314
0.3915550 -0.0532342
0.3998914 -0.0524147
0.4082589 -0.0515739
0.4166554 -0.0507129
0.4250783 -0.0498329
0.4335255 -0.0489349
0.4419945 -0.0480199
0.4504831 -0.0470891
0.4589887 -0.0461436
0.4675091 -0.0451844
0.4760417 -0.0442125
0.4845843 -0.0432290
0.4931344 -0.0422348
0.5016895 -0.0412312
0.5102473 -0.0402189
0.5188052 -0.0391989
0.5273608 -0.0381723
0.5359117 -0.0371400
0.5444553 -0.0361028
0.5529892 -0.0350617
0.5615109 -0.0340176
0.5700180 -0.0329712
0.5785078 -0.0319233
0.5869780 -0.0308749
0.5954259 -0.0298266
0.6037222 -0.0287856
0.6119710 -0.0277641
0.6201957 -0.0267628
0.6283937 -0.0257823
0.6365626 -0.0248230
0.6447001 -0.0238852
0.6528038 -0.0229694
0.6608710 -0.0220757
0.6688996 -0.0212045
0.6768869 -0.0203558
0.6848305 -0.0195300
0.6927280 -0.0187271
0.7005769 -0.0179472
0.7083748 -0.0171902
0.7161191 -0.0164563
0.7238075 -0.0157454
0.7314374 -0.0150574
0.7390064 -0.0143921
0.7465121 -0.0137495
0.7539520 -0.0131293
0.7613236 -0.0125314
0.7686245 -0.0119555
0.7758524 -0.0114013
0.7830047 -0.0108686
0.7900791 -0.0103569
0.7970732 -0.0098661
0.8039846 -0.0093956
0.8108109 -0.0089452
0.8175498 -0.0085144
0.8241989 -0.0081027
0.8307560 -0.0077098
0.8372188 -0.0073353
0.8435849 -0.0069785
0.8498521 -0.0066392
0.8560183 -0.0063167
0.8620811 -0.0060106
0.8680385 -0.0057203
0.8738882 -0.0054455
0.8796281 -0.0051856
0.8852562 -0.0049400
0.8907704 -0.0047083
0.8961686 -0.0044899
0.9014489 -0.0042844
0.9066093 -0.0040913
0.9116479 -0.0039099
0.9165627 -0.0037400
0.9213519 -0.0035808
0.9260138 -0.0034320
0.9305465 -0.0032932
0.9349483 -0.0031637
0.9392175 -0.0030432
0.9433524 -0.0029312
0.9473516 -0.0028273
0.9512133 -0.0027311
0.9549362 -0.0026420
0.9585187 -0.0025599
0.9619595 -0.0024841
0.9652572 -0.0024145
0.9684104 -0.0023505
0.9714180 -0.0022919
0.9742787 -0.0022384
0.9769914 -0.0021895
0.9795551 -0.0021451
0.9819686 -0.0021048
0.9842310 -0.0020684
0.9863414 -0.0020356
0.9882989 -0.0020062
0.9901028 -0.0019799
0.9917523 -0.0019566
0.9932468 -0.0019361
0.9945856 -0.0019182
0.9957682 -0.0019028
0.9967940 -0.0018896
0.9976628 -0.0018787
0.9983741 -0.0018699
0.9989276 -0.0018632
0.9993232 -0.0018584
0.9995606 -0.0018555
0.9996397 -0.0018546
