AIRFOIL_LNY
1.0000262 0.0015711
0.9999502 0.0015857
0.9997224 0.0016294
0.9993429 0.0017023
0.9988117 0.0018043
0.9981289 0.0019352
0.9972949 0.0020950
0.9963098 0.0022835
0.9951740 0.0025006
0.9938878 0.0027460
0.9924515 0.0030195
0.9908656 0.0033210
0.9891306 0.0036502
0.9872470 0.0040067
0.9852153 0.0043903
0.9830362 0.0048006
0.9807103 0.0052373
0.9782383 0.0057000
0.9756209 0.0061884
0.9728590 0.0067020
0.9699534 0.0072403
0.9669049 0.0078031
0.9637144 0.0083897
0.9603829 0.0089998
0.9569115 0.0096328
0.9533011 0.0102883
0.9495528 0.0109656
0.9456677 0.0116643
0.9416471 0.0123839
0.9374921 0.0131237
0.9332039 0.0138833
0.9287839 0.0146620
0.9242335 0.0154592
0.9195538 0.0162744
0.9147465 0.0171070
0.9098128 0.0179563
0.9047543 0.0188218
0.8995726 0.0197027
0.8942691 0.0205986
0.8888456 0.0215087
0.8833035 0.0224324
0.8776446 0.0233692
0.8718706 0.0243182
0.8659832 0.0252789
0.8599843 0.0262507
0.8538755 0.0272329
0.8476589 0.0282248
0.8413361 0.0292257
0.8349092 0.0302351
0.8283802 0.0312522
0.8217508 0.0322764
0.8150233 0.0333070
0.8081995 0.0343434
0.8012817 0.0353848
0.7942718 0.0364307
0.7871720 0.0374803
0.7799844 0.0385329
0.7727113 0.0395879
0.7653547 0.0406446
0.7579171 0.0417024
0.7504005 0.0427605
0.7428073 0.0438182
0.7351399 0.0448748
0.7274004 0.0459298
0.7195913 0.0469822
0.7117150 0.0480316
0.7037737 0.0490770
0.6957701 0.0501179
0.6877064 0.0511536
0.6795851 0.0521832
0.6714088 0.0532061
0.6631798 0.0542216
0.6549007 0.0552289
0.6465740 0.0562273
0.6382023 0.0572160
0.6297881 0.0581943
0.6213339 0.0591615
0.6128424 0.0601168
0.6043161 0.0610594
0.5957576 0.0619885
0.5871695 0.0629035
0.5785545 0.0638035
0.5699152 0.0646877
0.5612542 0.0655555
0.5525742 0.0664059
0.5438777 0.0672383
0.5351676 0.0680517
0.5264464 0.0688456
0.5177167 0.0696190
0.5089814 0.0703712
0.5002429 0.0711015
0.4915041 0.0718090
0.4827676 0.0724929
0.4740361 0.0731525
0.4653121 0.0737871
0.4565985 0.0743959
0.4478979 0.0749781
0.4392129 0.0755329
0.4305462 0.0760598
0.4219005 0.0765579
0.4132784 0.0770265
0.4046825 0.0774649
0.3961156 0.0778725
0.3875801 0.0782486
0.3790788 0.0785926
0.3706143 0.0789037
0.3621891 0.0791815
0.3537877 0.0794248
0.3454135 0.0796301
0.3370864 0.0797962
0.3288090 0.0799230
0.3205839 0.0800098
0.3124138 0.0800564
0.3043011 0.0800623
0.2962484 0.0800273
0.2882582 0.0799511
0.2803331 0.0798335
0.2724756 0.0796741
0.2646880 0.0794730
0.2569729 0.0792298
0.2493327 0.0789445
0.2417697 0.0786171
0.2342864 0.0782475
0.2268850 0.0778357
0.2195680 0.0773819
0.2123375 0.0768860
0.2051959 0.0763482
0.1981455 0.0757688
0.1911883 0.0751478
0.1843266 0.0744856
0.1775625 0.0737824
0.1708982 0.0730386
0.1643357 0.0722545
0.1578770 0.0714305
0.1515243 0.0705671
0.1452793 0.0696648
0.1391442 0.0687239
0.1331207 0.0677451
0.1272108 0.0667289
0.1214162 0.0656760
0.1157388 0.0645868
0.1101803 0.0634622
0.1047425 0.0623028
0.0994269 0.0611092
0.0942352 0.0598822
0.0891690 0.0586225
0.0842299 0.0573309
0.0794193 0.0560082
0.0747388 0.0546552
0.0701896 0.0532726
0.0657733 0.0518612
0.0614910 0.0504220
0.0573442 0.0489556
0.0533340 0.0474630
0.0494617 0.0459450
0.0457284 0.0444024
0.0421352 0.0428360
0.0386832 0.0412467
0.0353733 0.0396352
0.0322066 0.0380023
0.0291840 0.0363490
0.0263063 0.0346758
0.0235744 0.0329837
0.0209891 0.0312733
0.0185511 0.0295454
0.0162611 0.0278006
0.0141198 0.0260397
0.0121277 0.0242633
0.0102854 0.0224720
0.0085934 0.0206664
0.0070522 0.0188471
0.0056622 0.0170146
0.0044237 0.0151694
0.0033371 0.0133120
0.0024026 0.0114429
0.0016205 0.0095623
0.0009909 0.0076708
0.0005140 0.0057685
0.0001899 0.0038558
0.0000186 0.0019329
0.0000000 0.0000000
0.0001337 -0.0019283
0.0004193 -0.0038376
0.0008564 -0.0057276
0.0014450 -0.0075982
0.0021848 -0.0094491
0.0030755 -0.0112800
0.0041167 -0.0130908
0.0053082 -0.0148810
0.0066495 -0.0166504
0.0081400 -0.0183986
0.0097794 -0.0201252
0.0115670 -0.0218299
0.0135022 -0.0235122
0.0155845 -0.0251717
0.0178130 -0.0268081
0.0201872 -0.0284207
0.0227061 -0.0300093
0.0253691 -0.0315732
0.0281751 -0.0331120
0.0311234 -0.0346252
0.0342130 -0.0361124
0.0374428 -0.0375729
0.0408120 -0.0390063
0.0443193 -0.0404120
0.0479638 -0.0417896
0.0517442 -0.0431385
0.0556594 -0.0444583
0.0597082 -0.0457484
0.0638893 -0.0470083
0.0682013 -0.0482375
0.0726431 -0.0494356
0.0772131 -0.0506021
0.0819101 -0.0517366
0.0867325 -0.0528385
0.0916789 -0.0539076
0.0967478 -0.0549433
0.1019376 -0.0559454
0.1072468 -0.0569135
0.1126737 -0.0578471
0.1182167 -0.0587462
0.1238742 -0.0596102
0.1296444 -0.0604391
0.1355256 -0.0612325
0.1415160 -0.0619903
0.1476139 -0.0627123
0.1538174 -0.0633984
0.1601246 -0.0640484
0.1665337 -0.0646623
0.1730428 -0.0652401
0.1796499 -0.0657818
0.1863530 -0.0662873
0.1931502 -0.0667568
0.2000395 -0.0671903
0.2070188 -0.0675880
0.2140860 -0.0679500
0.2212391 -0.0682766
0.2284760 -0.0685679
0.2357944 -0.0688242
0.2431922 -0.0690458
0.2506673 -0.0692331
0.2582175 -0.0693863
0.2658404 -0.0695060
0.2735339 -0.0695924
0.2812957 -0.0696461
0.2891235 -0.0696675
0.2970150 -0.0696571
0.3049678 -0.0696154
0.3129797 -0.0695431
0.3210481 -0.0694406
0.3291709 -0.0693085
0.3373455 -0.0691475
0.3455695 -0.0689582
0.3538406 -0.0687413
0.3621735 -0.0684969
0.3705666 -0.0682228
0.3789993 -0.0679189
0.3874688 -0.0675860
0.3959728 -0.0672248
0.4045085 -0.0668359
0.4130735 -0.0664201
0.4216651 -0.0659780
0.4302807 -0.0655104
0.4389178 -0.0650179
0.4475737 -0.0645014
0.4562457 -0.0639616
0.4649314 -0.0633991
0.4736280 -0.0628149
0.4823329 -0.0622095
0.4910435 -0.0615839
0.4997571 -0.0609386
0.5084710 -0.0602746
0.5171828 -0.0595925
0.5258896 -0.0588931
0.5345889 -0.0581771
0.5432780 -0.0574454
0.5519543 -0.0566985
0.5606151 -0.0559374
0.5692579 -0.0551626
0.5778799 -0.0543750
0.5864786 -0.0535751
0.5950514 -0.0527639
0.6035956 -0.0519419
0.6121087 -0.0511098
0.6205880 -0.0502683
0.6290310 -0.0494182
0.6374350 -0.0485600
0.6457977 -0.0476945
0.6541163 -0.0468223
0.6623884 -0.0459440
0.6706114 -0.0450603
0.6787828 -0.0441717
0.6869002 -0.0432790
0.6949611 -0.0423827
0.7029629 -0.0414834
0.7109033 -0.0405818
0.7187798 -0.0396784
0.7265901 -0.0387737
0.7343317 -0.0378685
0.7420023 -0.0369631
0.7495995 -0.0360583
0.7571210 -0.0351545
0.7645645 -0.0342524
0.7719278 -0.0333523
0.7792085 -0.0324550
0.7864045 -0.0315609
0.7935135 -0.0306706
0.8005333 -0.0297846
0.8074619 -0.0289034
0.8142971 -0.0280275
0.8210368 -0.0271575
0.8276789 -0.0262939
0.8342214 -0.0254372
0.8406622 -0.0245879
0.8469995 -0.0237465
0.8532312 -0.0229136
0.8593555 -0.0220896
0.8653705 -0.0212750
0.8712742 -0.0204704
0.8770650 -0.0196762
0.8827410 -0.0188929
0.8883004 -0.0181211
0.8937416 -0.0173612
0.8990629 -0.0166137
0.9042626 -0.0158792
0.9093392 -0.0151580
0.9142911 -0.0144507
0.9191167 -0.0137577
0.9238146 -0.0130795
0.9283834 -0.0124167
0.9328215 -0.0117695
0.9371276 -0.0111386
0.9413005 -0.0105243
0.9453388 -0.0099271
0.9492413 -0.0093473
0.9530067 -0.0087856
0.9566340 -0.0082422
0.9601219 -0.0077175
0.9634694 -0.0072120
0.9666755 -0.0067261
0.9697392 -0.0062601
0.9726595 -0.0058143
0.9754356 -0.0053892
0.9780665 -0.0049850
0.9805514 -0.0046022
0.9828897 -0.0042409
0.9850804 -0.0039015
0.9871231 -0.0035843
0.9890170 -0.0032895
0.9907616 -0.0030174
0.9923563 -0.0027682
0.9938006 -0.0025420
0.9950941 -0.0023392
0.9962363 -0.0021598
0.9972270 -0.0020040
0.9980658 -0.0018720
0.9987524 -0.0017638
0.9992867 -0.0016795
0.9996684 -0.0016193
0.9998975 -0.0015832
0.9999738 -0.0015711
