AIRFOIL_LNY
1.0000968 0.0015787
1.0000215 0.0015968
0.9997955 0.0016510
0.9994189 0.0017412
0.9988918 0.0018674
0.9982144 0.0020294
0.9973868 0.0022272
0.9964094 0.0024606
0.9952823 0.0027292
0.9940058 0.0030330
0.9925805 0.0033717
0.9910066 0.0037449
0.9892846 0.0041524
0.9874151 0.0045937
0.9853985 0.0050686
0.9832354 0.0055766
0.9809265 0.0061173
0.9784724 0.0066902
0.9758737 0.0072948
0.9731314 0.0079307
0.9702461 0.0085973
0.9672187 0.0092941
0.9640500 0.0100205
0.9607411 0.0107759
0.9572927 0.0115597
0.9537060 0.0123712
0.9499819 0.0132099
0.9461216 0.0140751
0.9421262 0.0149660
0.9379968 0.0158820
0.9337346 0.0168224
0.9293408 0.0177864
0.9248169 0.0187734
0.9201639 0.0197825
0.9153834 0.0208131
0.9104768 0.0218643
0.9054454 0.0229353
0.9002907 0.0240254
0.8950143 0.0251339
0.8896176 0.0262598
0.8841024 0.0274024
0.8784701 0.0285608
0.8727226 0.0297343
0.8668613 0.0309221
0.8608882 0.0321232
0.8548049 0.0333369
0.8486133 0.0345623
0.8423152 0.0357987
0.8359124 0.0370451
0.8294069 0.0383007
0.8228005 0.0395646
0.8160954 0.0408361
0.8092933 0.0421143
0.8023965 0.0433983
0.7954069 0.0446872
0.7883266 0.0459803
0.7811577 0.0472767
0.7739024 0.0485754
0.7665629 0.0498757
0.7591413 0.0511767
0.7516399 0.0524776
0.7440610 0.0537774
0.7364067 0.0550754
0.7286795 0.0563706
0.7208816 0.0576622
0.7130153 0.0589494
0.7050832 0.0602312
0.6970875 0.0615068
0.6890306 0.0627753
0.6809150 0.0640359
0.6727433 0.0652877
0.6645177 0.0665299
0.6562408 0.0677614
0.6479152 0.0689816
0.6395434 0.0701894
0.6311279 0.0713841
0.6226712 0.0725647
0.6141760 0.0737304
0.6056448 0.0748803
0.5970802 0.0760135
0.5884848 0.0771292
0.5798614 0.0782264
0.5712124 0.0793043
0.5625406 0.0803621
0.5538486 0.0813988
0.5451391 0.0824135
0.5364147 0.0834055
0.5276781 0.0843739
0.5189320 0.0853178
0.5101791 0.0862363
0.5014222 0.0871287
0.4926638 0.0879940
0.4839067 0.0888315
0.4751535 0.0896404
0.4664071 0.0904198
0.4576701 0.0911690
0.4489452 0.0918871
0.4402350 0.0925734
0.4315424 0.0932272
0.4228700 0.0938478
0.4142205 0.0944343
0.4055965 0.0949861
0.3970008 0.0955025
0.3884361 0.0959830
0.3799049 0.0964267
0.3714100 0.0968331
0.3629540 0.0972017
0.3545396 0.0975319
0.3461693 0.0978230
0.3378458 0.0980747
0.3295717 0.0982864
0.3213495 0.0984577
0.3131819 0.0985882
0.3050714 0.0986775
0.2970205 0.0987252
0.2890317 0.0987311
0.2811076 0.0986947
0.2732507 0.0986160
0.2654633 0.0984947
0.2577480 0.0983306
0.2501071 0.0981236
0.2425431 0.0978736
0.2350582 0.0975805
0.2274007 0.0972363
0.2196583 0.0968076
0.2120121 0.0962924
0.2044649 0.0956922
0.1970199 0.0950091
0.1896799 0.0942449
0.1824477 0.0934016
0.1753261 0.0924813
0.1683179 0.0914861
0.1614257 0.0904182
0.1546520 0.0892799
0.1479995 0.0880735
0.1414705 0.0868013
0.1350674 0.0854657
0.1287925 0.0840691
0.1226480 0.0826141
0.1166361 0.0811031
0.1107588 0.0795386
0.1050180 0.0779232
0.0994158 0.0762594
0.0939538 0.0745498
0.0886339 0.0727970
0.0834576 0.0710035
0.0784267 0.0691719
0.0735424 0.0673048
0.0688064 0.0654047
0.0642198 0.0634741
0.0597840 0.0615156
0.0555002 0.0595315
0.0513693 0.0575244
0.0473925 0.0554966
0.0435706 0.0534505
0.0399047 0.0513884
0.0363953 0.0493125
0.0330433 0.0472252
0.0298492 0.0451284
0.0268137 0.0430243
0.0239373 0.0409150
0.0212203 0.0388023
0.0186632 0.0366881
0.0162662 0.0345743
0.0140296 0.0324624
0.0119534 0.0303543
0.0100380 0.0282514
0.0082831 0.0261551
0.0066889 0.0240669
0.0052553 0.0219880
0.0039820 0.0199196
0.0028690 0.0178628
0.0019159 0.0158185
0.0011224 0.0137876
0.0004882 0.0117710
0.0000129 0.0097692
-0.0003041 0.0077829
-0.0004633 0.0058125
-0.0004653 0.0038584
-0.0003106 0.0019208
0.0000000 0.0000000
0.0004629 -0.0018899
0.0010744 -0.0037348
0.0018338 -0.0055346
0.0027401 -0.0072896
0.0037924 -0.0089997
0.0049899 -0.0106653
0.0063314 -0.0122863
0.0078160 -0.0138632
0.0094427 -0.0153962
0.0112102 -0.0168855
0.0131175 -0.0183315
0.0151635 -0.0197345
0.0173468 -0.0210950
0.0196663 -0.0224133
0.0221207 -0.0236900
0.0247087 -0.0249254
0.0274291 -0.0261202
0.0302803 -0.0272748
0.0332611 -0.0283899
0.0363701 -0.0294660
0.0396059 -0.0305038
0.0429669 -0.0315040
0.0464519 -0.0324672
0.0500593 -0.0333942
0.0537876 -0.0342858
0.0576353 -0.0351427
0.0616010 -0.0359657
0.0656831 -0.0367558
0.0698801 -0.0375137
0.0741906 -0.0382405
0.0786129 -0.0389369
0.0831455 -0.0396041
0.0877870 -0.0402429
0.0925358 -0.0408544
0.0973903 -0.0414397
0.1023491 -0.0419998
0.1074107 -0.0425359
0.1125735 -0.0430491
0.1178360 -0.0435405
0.1231968 -0.0440113
0.1286543 -0.0444628
0.1342071 -0.0448962
0.1398538 -0.0453128
0.1455928 -0.0457138
0.1514227 -0.0461006
0.1573421 -0.0464745
0.1633496 -0.0468369
0.1694437 -0.0471893
0.1756231 -0.0475329
0.1818863 -0.0478692
0.1882319 -0.0481997
0.1946587 -0.0485259
0.2011651 -0.0488492
0.2077498 -0.0491711
0.2144115 -0.0494932
0.2211488 -0.0498170
0.2279603 -0.0501440
0.2350225 -0.0504725
0.2424189 -0.0507736
0.2498929 -0.0510407
0.2574424 -0.0512741
0.2650651 -0.0514743
0.2727588 -0.0516415
0.2805212 -0.0517762
0.2883500 -0.0518789
0.2962429 -0.0519499
0.3041975 -0.0519899
0.3122115 -0.0519994
0.3202825 -0.0519788
0.3284082 -0.0519288
0.3365861 -0.0518499
0.3448137 -0.0517427
0.3530887 -0.0516080
0.3614086 -0.0514462
0.3697709 -0.0512581
0.3781732 -0.0510444
0.3866129 -0.0508057
0.3950875 -0.0505427
0.4035945 -0.0502562
0.4121313 -0.0499468
0.4206955 -0.0496153
0.4292845 -0.0492623
0.4378956 -0.0488887
0.4465264 -0.0484951
0.4551742 -0.0480824
0.4638364 -0.0476511
0.4725105 -0.0472021
0.4811939 -0.0467361
0.4898838 -0.0462538
0.4985778 -0.0457559
0.5072733 -0.0452432
0.5159675 -0.0447163
0.5246579 -0.0441761
0.5333418 -0.0436230
0.5420167 -0.0430580
0.5506799 -0.0424816
0.5593287 -0.0418944
0.5679607 -0.0412973
0.5765731 -0.0406907
0.5851633 -0.0400754
0.5937288 -0.0394520
0.6022669 -0.0388210
0.6107751 -0.0381831
0.6192507 -0.0375389
0.6276912 -0.0368889
0.6360940 -0.0362337
0.6444565 -0.0355738
0.6527761 -0.0349098
0.6610505 -0.0342423
0.6692769 -0.0335716
0.6774529 -0.0328983
0.6855760 -0.0322230
0.6936437 -0.0315460
0.7016535 -0.0308678
0.7096029 -0.0301890
0.7174896 -0.0295098
0.7253110 -0.0288309
0.7330648 -0.0281525
0.7407486 -0.0274751
0.7483601 -0.0267991
0.7558967 -0.0261250
0.7633563 -0.0254530
0.7707366 -0.0247836
0.7780352 -0.0241171
0.7852499 -0.0234540
0.7923784 -0.0227946
0.7994185 -0.0221392
0.8063681 -0.0214882
0.8132250 -0.0208420
0.8199871 -0.0202008
0.8266522 -0.0195651
0.8332182 -0.0189352
0.8396832 -0.0183114
0.8460451 -0.0176941
0.8523019 -0.0170835
0.8584516 -0.0164801
0.8644924 -0.0158841
0.8704223 -0.0152960
0.8762394 -0.0147159
0.8819421 -0.0141443
0.8875283 -0.0135814
0.8929965 -0.0130276
0.8983448 -0.0124832
0.9035716 -0.0119485
0.9086753 -0.0114239
0.9136541 -0.0109097
0.9185066 -0.0104061
0.9232312 -0.0099136
0.9278265 -0.0094323
0.9322908 -0.0089627
0.9366229 -0.0085050
0.9408214 -0.0080595
0.9448849 -0.0076265
0.9488121 -0.0072064
0.9526018 -0.0067993
0.9562527 -0.0064057
0.9597638 -0.0060258
0.9631338 -0.0056597
0.9663617 -0.0053079
0.9694465 -0.0049706
0.9723872 -0.0046480
0.9751828 -0.0043404
0.9778324 -0.0040480
0.9803352 -0.0037710
0.9826904 -0.0035096
0.9848972 -0.0032641
0.9869550 -0.0030347
0.9888630 -0.0028215
0.9906206 -0.0026246
0.9922273 -0.0024444
0.9936825 -0.0022809
0.9949858 -0.0021342
0.9961368 -0.0020044
0.9971351 -0.0018918
0.9979803 -0.0017963
0.9986722 -0.0017181
0.9992106 -0.0016572
0.9995953 -0.0016136
0.9998262 -0.0015875
0.9999032 -0.0015787
