AIRFOIL_LNY
1.0003545 0.0017096
1.0002813 0.0017399
1.0000617 0.0018308
0.9996958 0.0019821
0.9991836 0.0021937
0.9985253 0.0024655
0.9977209 0.0027971
0.9967707 0.0031881
0.9956749 0.0036383
0.9944337 0.0041471
0.9930473 0.0047140
0.9915160 0.0053384
0.9898403 0.0060198
0.9880203 0.0067575
0.9860566 0.0075506
0.9839496 0.0083985
0.9816996 0.0093002
0.9793073 0.0102549
0.9767730 0.0112616
0.9740974 0.0123193
0.9712811 0.0134270
0.9683247 0.0145835
0.9652289 0.0157878
0.9619943 0.0170387
0.9586216 0.0183349
0.9551118 0.0196751
0.9514654 0.0210581
0.9476835 0.0224826
0.9437668 0.0239471
0.9397163 0.0254502
0.9355330 0.0269905
0.9312177 0.0285666
0.9267716 0.0301768
0.9221957 0.0318198
0.9174911 0.0334939
0.9126589 0.0351975
0.9077004 0.0369291
0.9026167 0.0386870
0.8974091 0.0404696
0.8920789 0.0422752
0.8866274 0.0441022
0.8810560 0.0459489
0.8753661 0.0478135
0.8695592 0.0496944
0.8636367 0.0515898
0.8576002 0.0534980
0.8514513 0.0554173
0.8451915 0.0573459
0.8388225 0.0592821
0.8323460 0.0612241
0.8257637 0.0631702
0.8190774 0.0651187
0.8122889 0.0670678
0.8054000 0.0690157
0.7984126 0.0709607
0.7913286 0.0729011
0.7841500 0.0748351
0.7768787 0.0767611
0.7695169 0.0786772
0.7620665 0.0805819
0.7545296 0.0824734
0.7469085 0.0843500
0.7392052 0.0862100
0.7314221 0.0880519
0.7235612 0.0898739
0.7156250 0.0916744
0.7076157 0.0934518
0.6995356 0.0952045
0.6913872 0.0969310
0.6831729 0.0986296
0.6748951 0.1002989
0.6665564 0.1019373
0.6581591 0.1035432
0.6497059 0.1051154
0.6411993 0.1066522
0.6326420 0.1081522
0.6240365 0.1096141
0.6153856 0.1110364
0.6066920 0.1124179
0.5979582 0.1137571
0.5891872 0.1150529
0.5803817 0.1163039
0.5715444 0.1175088
0.5626782 0.1186666
0.5537860 0.1197760
0.5448705 0.1208359
0.5359348 0.1218452
0.5269817 0.1228028
0.5180142 0.1237077
0.5090352 0.1245590
0.5000477 0.1253556
0.4910519 0.1260966
0.4820529 0.1267807
0.4730543 0.1274073
0.4640593 0.1279754
0.4550707 0.1284845
0.4460918 0.1289337
0.4371255 0.1293226
0.4281750 0.1296504
0.4192434 0.1299167
0.4103336 0.1301211
0.4014490 0.1302630
0.3925924 0.1303421
0.3837671 0.1303582
0.3749761 0.1303109
0.3662226 0.1302001
0.3575095 0.1300256
0.3488401 0.1297874
0.3402173 0.1294855
0.3316443 0.1291198
0.3231241 0.1286905
0.3146597 0.1281977
0.3062542 0.1276418
0.2979105 0.1270229
0.2896317 0.1263414
0.2814206 0.1255978
0.2732804 0.1247924
0.2652137 0.1239259
0.2572236 0.1229989
0.2493129 0.1220119
0.2414845 0.1209658
0.2337410 0.1198613
0.2260853 0.1186992
0.2185200 0.1174805
0.2110479 0.1162061
0.2036716 0.1148770
0.1963937 0.1134943
0.1892167 0.1120590
0.1821431 0.1105725
0.1751754 0.1090358
0.1683161 0.1074504
0.1615673 0.1058174
0.1549316 0.1041382
0.1484111 0.1024144
0.1420080 0.1006472
0.1357244 0.0988382
0.1295625 0.0969890
0.1235243 0.0951010
0.1176118 0.0931758
0.1118268 0.0912151
0.1061713 0.0892206
0.1006470 0.0871937
0.0952556 0.0851363
0.0899990 0.0830500
0.0848786 0.0809365
0.0798960 0.0787976
0.0750527 0.0766349
0.0703502 0.0744502
0.0657898 0.0722451
0.0613728 0.0700215
0.0571005 0.0677810
0.0529740 0.0655253
0.0489946 0.0632561
0.0451632 0.0609750
0.0414808 0.0586838
0.0379485 0.0563840
0.0345670 0.0540772
0.0313373 0.0517650
0.0282600 0.0494489
0.0253360 0.0471305
0.0225658 0.0448111
0.0199500 0.0424921
0.0174892 0.0401750
0.0151839 0.0378611
0.0130345 0.0355516
0.0110414 0.0332477
0.0092049 0.0309506
0.0075253 0.0286613
0.0060028 0.0263810
0.0046375 0.0241106
0.0034297 0.0218510
0.0023793 0.0196031
0.0014865 0.0173675
0.0007511 0.0151451
0.0001730 0.0129365
-0.0002477 0.0107422
-0.0005114 0.0085626
-0.0006181 0.0063984
-0.0005683 0.0042497
-0.0003621 0.0021168
0.0000000 0.0000000
0.0005144 -0.0020850
0.0011775 -0.0041226
0.0019886 -0.0061126
0.0029473 -0.0080550
0.0040530 -0.0099497
0.0053051 -0.0117967
0.0067028 -0.0135957
0.0082455 -0.0153469
0.0099323 -0.0170502
0.0117625 -0.0187054
0.0137353 -0.0203126
0.0158496 -0.0218717
0.0181047 -0.0233826
0.0204994 -0.0248453
0.0230328 -0.0262598
0.0257038 -0.0276261
0.0285113 -0.0289442
0.0314543 -0.0302140
0.0345314 -0.0314356
0.0377416 -0.0326090
0.0410836 -0.0337342
0.0445561 -0.0348113
0.0481579 -0.0358403
0.0518875 -0.0368213
0.0557437 -0.0377545
0.0597251 -0.0386398
0.0638303 -0.0394776
0.0680578 -0.0402678
0.0724062 -0.0410108
0.0768741 -0.0417066
0.0814599 -0.0423555
0.0861621 -0.0429578
0.0909792 -0.0435137
0.0959097 -0.0440236
0.1009520 -0.0444877
0.1061044 -0.0449064
0.1113655 -0.0452802
0.1167336 -0.0456093
0.1222071 -0.0458943
0.1277843 -0.0461356
0.1334636 -0.0463337
0.1392434 -0.0464892
0.1451220 -0.0466027
0.1510977 -0.0466747
0.1571688 -0.0467059
0.1633337 -0.0466969
0.1695906 -0.0466485
0.1759378 -0.0465614
0.1823736 -0.0464363
0.1888963 -0.0462742
0.1955042 -0.0460757
0.2021954 -0.0458417
0.2089683 -0.0455732
0.2158211 -0.0452711
0.2227520 -0.0449363
0.2297592 -0.0445697
0.2368410 -0.0441725
0.2439955 -0.0437457
0.2512209 -0.0432902
0.2585155 -0.0428072
0.2658774 -0.0422978
0.2733048 -0.0417631
0.2807958 -0.0412042
0.2883485 -0.0406224
0.2959611 -0.0400187
0.3036317 -0.0393944
0.3113584 -0.0387507
0.3191392 -0.0380887
0.3269723 -0.0374098
0.3348558 -0.0367151
0.3427875 -0.0360058
0.3507657 -0.0352832
0.3587882 -0.0345486
0.3668531 -0.0338031
0.3749584 -0.0330479
0.3831020 -0.0322844
0.3912818 -0.0315137
0.3994959 -0.0307370
0.4077420 -0.0299554
0.4160182 -0.0291703
0.4243222 -0.0283827
0.4326519 -0.0275937
0.4410051 -0.0268046
0.4493798 -0.0260163
0.4577735 -0.0252300
0.4661843 -0.0244467
0.4746097 -0.0236674
0.4830476 -0.0228932
0.4914957 -0.0221249
0.4999523 -0.0213635
0.5084172 -0.0206097
0.5168853 -0.0198642
0.5253542 -0.0191278
0.5338216 -0.0184013
0.5422852 -0.0176855
0.5507425 -0.0169810
0.5591911 -0.0162886
0.5676287 -0.0156089
0.5760528 -0.0149425
0.5844610 -0.0142899
0.5928508 -0.0136516
0.6012197 -0.0130282
0.6095654 -0.0124200
0.6178853 -0.0118275
0.6261770 -0.0112510
0.6344380 -0.0106908
0.6426658 -0.0101472
0.6508579 -0.0096204
0.6590118 -0.0091106
0.6671250 -0.0086179
0.6751950 -0.0081425
0.6832194 -0.0076845
0.6911955 -0.0072438
0.6991210 -0.0068205
0.7069933 -0.0064146
0.7148099 -0.0060260
0.7225684 -0.0056545
0.7302663 -0.0053001
0.7379011 -0.0049627
0.7454704 -0.0046419
0.7529716 -0.0043376
0.7604024 -0.0040496
0.7677603 -0.0037776
0.7750429 -0.0035213
0.7822478 -0.0032804
0.7893727 -0.0030546
0.7964150 -0.0028434
0.8033726 -0.0026466
0.8102430 -0.0024638
0.8170239 -0.0022945
0.8237130 -0.0021384
0.8303081 -0.0019949
0.8368069 -0.0018638
0.8432071 -0.0017445
0.8495066 -0.0016366
0.8557031 -0.0015396
0.8617945 -0.0014531
0.8677787 -0.0013766
0.8736536 -0.0013096
0.8794171 -0.0012517
0.8850671 -0.0012024
0.8906017 -0.0011611
0.8960188 -0.0011276
0.9013166 -0.0011012
0.9064931 -0.0010815
0.9115465 -0.0010680
0.9164749 -0.0010604
0.9212765 -0.0010581
0.9259496 -0.0010608
0.9304924 -0.0010680
0.9349034 -0.0010792
0.9391808 -0.0010941
0.9433230 -0.0011122
0.9473286 -0.0011332
0.9511960 -0.0011567
0.9549238 -0.0011823
0.9585106 -0.0012097
0.9619550 -0.0012385
0.9652557 -0.0012684
0.9684115 -0.0012991
0.9714211 -0.0013302
0.9742835 -0.0013615
0.9769975 -0.0013927
0.9795621 -0.0014235
0.9819763 -0.0014537
0.9842391 -0.0014831
0.9863497 -0.0015114
0.9883073 -0.0015384
0.9901111 -0.0015640
0.9917605 -0.0015880
0.9932547 -0.0016101
0.9945932 -0.0016303
0.9957754 -0.0016484
0.9968010 -0.0016644
0.9976694 -0.0016780
0.9983805 -0.0016893
0.9989338 -0.0016982
0.9993291 -0.0017045
0.9995664 -0.0017083
0.9996455 -0.0017096
