AIRFOIL_LNY
1.0001665 0.0012417
1.0000918 0.0012624
0.9998675 0.0013246
0.9994938 0.0014282
0.9989708 0.0015732
0.9982986 0.0017593
0.9974773 0.0019865
0.9965073 0.0022544
0.9953887 0.0025630
0.9941220 0.0029118
0.9927073 0.0033006
0.9911451 0.0037291
0.9894359 0.0041968
0.9875800 0.0047033
0.9855780 0.0052483
0.9834305 0.0058311
0.9811379 0.0064513
0.9787011 0.0071084
0.9761205 0.0078017
0.9733969 0.0085306
0.9705311 0.0092946
0.9675238 0.0100930
0.9643759 0.0109250
0.9610883 0.0117899
0.9576618 0.0126871
0.9540973 0.0136157
0.9503960 0.0145750
0.9465587 0.0155641
0.9425867 0.0165822
0.9384809 0.0176285
0.9342425 0.0187020
0.9298727 0.0198020
0.9253728 0.0209275
0.9207439 0.0220775
0.9159875 0.0232512
0.9111047 0.0244476
0.9060971 0.0256657
0.9009661 0.0269045
0.8957130 0.0281632
0.8903394 0.0294405
0.8848468 0.0307357
0.8792368 0.0320476
0.8735109 0.0333753
0.8676709 0.0347176
0.8617184 0.0360736
0.8556551 0.0374423
0.8494828 0.0388225
0.8432032 0.0402133
0.8368182 0.0416136
0.8303296 0.0430224
0.8237393 0.0444385
0.8170492 0.0458610
0.8102613 0.0472888
0.8033775 0.0487208
0.7964000 0.0501561
0.7893306 0.0515934
0.7821716 0.0530318
0.7749249 0.0544703
0.7675928 0.0559078
0.7601774 0.0573432
0.7526809 0.0587756
0.7451055 0.0602039
0.7374535 0.0616270
0.7297272 0.0630439
0.7219288 0.0644537
0.7140607 0.0658552
0.7061253 0.0672476
0.6981248 0.0686297
0.6900618 0.0700006
0.6819386 0.0713594
0.6737577 0.0727049
0.6655216 0.0740364
0.6572327 0.0753527
0.6488935 0.0766529
0.6405067 0.0779361
0.6320746 0.0792013
0.6236000 0.0804476
0.6150853 0.0816741
0.6065332 0.0828799
0.5979463 0.0840640
0.5893272 0.0852256
0.5806786 0.0863638
0.5720031 0.0874777
0.5633033 0.0885665
0.5545821 0.0896294
0.5458420 0.0906654
0.5370858 0.0916739
0.5283161 0.0926540
0.5195358 0.0936048
0.5107475 0.0945258
0.5019540 0.0954161
0.4931580 0.0962749
0.4843622 0.0971017
0.4755695 0.0978956
0.4667826 0.0986561
0.4580042 0.0993825
0.4492371 0.1000741
0.4404841 0.1007304
0.4317479 0.1013508
0.4230313 0.1019347
0.4143370 0.1024816
0.4056679 0.1029911
0.3970265 0.1034626
0.3884158 0.1038957
0.3798385 0.1042900
0.3712972 0.1046451
0.3627947 0.1049606
0.3543337 0.1052363
0.3459169 0.1054719
0.3375471 0.1056671
0.3292268 0.1058216
0.3209588 0.1059354
0.3127458 0.1060082
0.3044122 0.1060338
0.2959440 0.1059721
0.2875420 0.1058167
0.2792094 0.1055689
0.2709497 0.1052303
0.2627659 0.1048021
0.2546615 0.1042861
0.2466394 0.1036840
0.2387029 0.1029974
0.2308551 0.1022284
0.2230990 0.1013788
0.2154376 0.1004507
0.2078738 0.0994462
0.2004106 0.0983675
0.1930508 0.0972169
0.1857971 0.0959966
0.1786523 0.0947091
0.1716190 0.0933569
0.1646998 0.0919424
0.1578972 0.0904681
0.1512137 0.0889368
0.1446517 0.0873510
0.1382135 0.0857134
0.1319013 0.0840267
0.1257173 0.0822936
0.1196635 0.0805169
0.1137421 0.0786994
0.1079550 0.0768439
0.1023039 0.0749531
0.0967908 0.0730298
0.0914173 0.0710769
0.0861851 0.0690971
0.0810958 0.0670932
0.0761509 0.0650679
0.0713517 0.0630241
0.0666996 0.0609643
0.0621960 0.0588913
0.0578419 0.0568078
0.0536386 0.0547163
0.0495871 0.0526194
0.0456883 0.0505196
0.0419433 0.0484194
0.0383528 0.0463211
0.0349176 0.0442272
0.0316384 0.0421400
0.0285159 0.0400615
0.0255506 0.0379941
0.0227431 0.0359397
0.0200938 0.0339003
0.0176032 0.0318779
0.0152715 0.0298743
0.0130990 0.0278912
0.0110860 0.0259302
0.0092326 0.0239930
0.0075388 0.0220810
0.0060048 0.0201956
0.0046305 0.0183380
0.0034159 0.0165094
0.0023608 0.0147108
0.0014651 0.0129433
0.0007286 0.0112077
0.0001509 0.0095046
-0.0002682 0.0078349
-0.0005291 0.0061989
-0.0006323 0.0045972
-0.0005781 0.0030300
-0.0003672 0.0014976
0.0000000 0.0000000
0.0005195 -0.0014518
0.0011873 -0.0028470
0.0020027 -0.0041856
0.0029651 -0.0054679
0.0040735 -0.0066942
0.0053272 -0.0078648
0.0067253 -0.0089799
0.0082668 -0.0100401
0.0099509 -0.0110458
0.0117764 -0.0119976
0.0137423 -0.0128958
0.0158476 -0.0137413
0.0180911 -0.0145346
0.0204717 -0.0152765
0.0229882 -0.0159676
0.0256393 -0.0166089
0.0284237 -0.0172011
0.0313403 -0.0177452
0.0343876 -0.0182420
0.0375643 -0.0186926
0.0408690 -0.0190979
0.0443003 -0.0194591
0.0478568 -0.0197771
0.0515370 -0.0200533
0.0553395 -0.0202887
0.0592627 -0.0204845
0.0633051 -0.0206421
0.0674653 -0.0207626
0.0717417 -0.0208475
0.0761327 -0.0208981
0.0806367 -0.0209157
0.0852523 -0.0209018
0.0899778 -0.0208578
0.0948116 -0.0207853
0.0997521 -0.0206857
0.1047979 -0.0205605
0.1099472 -0.0204114
0.1151985 -0.0202399
0.1205501 -0.0200477
0.1260006 -0.0198363
0.1315483 -0.0196075
0.1371916 -0.0193629
0.1429290 -0.0191042
0.1487589 -0.0188331
0.1546797 -0.0185514
0.1606899 -0.0182609
0.1667879 -0.0179632
0.1729722 -0.0176602
0.1792412 -0.0173537
0.1855934 -0.0170454
0.1920273 -0.0167372
0.1985414 -0.0164309
0.2051342 -0.0161283
0.2118041 -0.0158312
0.2185497 -0.0155415
0.2253695 -0.0152610
0.2322620 -0.0149915
0.2392256 -0.0147349
0.2462590 -0.0144929
0.2533606 -0.0142675
0.2605289 -0.0140603
0.2677625 -0.0138732
0.2750598 -0.0137079
0.2824194 -0.0135663
0.2898398 -0.0134501
0.2973194 -0.0133609
0.3048567 -0.0133006
0.3126476 -0.0132642
0.3206732 -0.0132176
0.3287530 -0.0131560
0.3368847 -0.0130801
0.3450661 -0.0129905
0.3532946 -0.0128879
0.3615680 -0.0127730
0.3698838 -0.0126464
0.3782396 -0.0125088
0.3866331 -0.0123607
0.3950618 -0.0122030
0.4035231 -0.0120362
0.4120148 -0.0118610
0.4205343 -0.0116780
0.4290790 -0.0114879
0.4376466 -0.0112913
0.4462344 -0.0110889
0.4548400 -0.0108812
0.4634609 -0.0106688
0.4720945 -0.0104523
0.4807383 -0.0102323
0.4893896 -0.0100094
0.4980460 -0.0097841
0.5067049 -0.0095569
0.5153637 -0.0093284
0.5240198 -0.0090990
0.5326707 -0.0088691
0.5413138 -0.0086394
0.5499464 -0.0084102
0.5585660 -0.0081818
0.5671701 -0.0079548
0.5757559 -0.0077295
0.5843210 -0.0075062
0.5928627 -0.0072854
0.6013785 -0.0070672
0.6098657 -0.0068520
0.6183219 -0.0066401
0.6267444 -0.0064317
0.6351307 -0.0062270
0.6434782 -0.0060263
0.6517843 -0.0058298
0.6600466 -0.0056376
0.6682624 -0.0054498
0.6764293 -0.0052667
0.6845448 -0.0050882
0.6926063 -0.0049146
0.7006114 -0.0047459
0.7085576 -0.0045821
0.7164423 -0.0044233
0.7242633 -0.0042696
0.7320180 -0.0041209
0.7397041 -0.0039772
0.7473191 -0.0038385
0.7548607 -0.0037049
0.7623265 -0.0035762
0.7697141 -0.0034524
0.7770214 -0.0033335
0.7842458 -0.0032193
0.7913853 -0.0031099
0.7984375 -0.0030050
0.8054002 -0.0029047
0.8122712 -0.0028088
0.8190483 -0.0027172
0.8257294 -0.0026298
0.8323124 -0.0025465
0.8387952 -0.0024671
0.8451756 -0.0023916
0.8514517 -0.0023198
0.8576214 -0.0022517
0.8636828 -0.0021869
0.8696339 -0.0021255
0.8754728 -0.0020674
0.8811977 -0.0020123
0.8868066 -0.0019601
0.8922978 -0.0019108
0.8976694 -0.0018642
0.9029199 -0.0018202
0.9080473 -0.0017786
0.9130501 -0.0017395
0.9179266 -0.0017025
0.9226753 -0.0016677
0.9272946 -0.0016350
0.9317829 -0.0016041
0.9361388 -0.0015751
0.9403609 -0.0015478
0.9444478 -0.0015222
0.9483981 -0.0014982
0.9522104 -0.0014757
0.9558837 -0.0014545
0.9594166 -0.0014347
0.9628079 -0.0014162
0.9660566 -0.0013989
0.9691615 -0.0013828
0.9721217 -0.0013677
0.9749360 -0.0013537
0.9776037 -0.0013407
0.9801238 -0.0013286
0.9824954 -0.0013175
0.9847177 -0.0013072
0.9867901 -0.0012978
0.9887117 -0.0012892
0.9904821 -0.0012814
0.9921005 -0.0012743
0.9935664 -0.0012680
0.9948793 -0.0012624
0.9960388 -0.0012574
0.9970446 -0.0012532
0.9978961 -0.0012497
0.9985933 -0.0012468
0.9991357 -0.0012445
0.9995233 -0.0012429
0.9997559 -0.0012420
0.9998335 -0.0012417
