AIRFOIL_LNY
1.0000032 0.0008530
0.9999271 0.0008605
0.9996987 0.0008831
0.9993182 0.0009207
0.9987857 0.0009732
0.9981012 0.0010407
0.9972651 0.0011231
0.9962776 0.0012202
0.9951390 0.0013321
0.9938495 0.0014586
0.9924097 0.0015997
0.9908200 0.0017551
0.9890808 0.0019248
0.9871927 0.0021086
0.9851562 0.0023063
0.9829719 0.0025179
0.9806406 0.0027431
0.9781630 0.0029817
0.9755397 0.0032335
0.9727716 0.0034984
0.9698595 0.0037761
0.9668043 0.0040663
0.9636070 0.0043689
0.9602685 0.0046836
0.9567898 0.0050102
0.9531721 0.0053484
0.9494162 0.0056979
0.9455236 0.0060584
0.9414952 0.0064298
0.9373324 0.0068117
0.9330363 0.0072038
0.9286084 0.0076058
0.9240500 0.0080175
0.9193623 0.0084385
0.9145470 0.0088685
0.9096054 0.0093073
0.9045390 0.0097544
0.8993494 0.0102097
0.8940381 0.0106727
0.8886068 0.0111432
0.8830572 0.0116208
0.8773908 0.0121053
0.8716095 0.0125962
0.8657150 0.0130933
0.8597091 0.0135962
0.8535935 0.0141046
0.8473703 0.0146182
0.8410412 0.0151366
0.8346083 0.0156596
0.8280734 0.0161867
0.8214385 0.0167176
0.8147057 0.0172520
0.8078770 0.0177896
0.8009545 0.0183300
0.7939403 0.0188728
0.7868365 0.0194178
0.7796453 0.0199646
0.7723689 0.0205129
0.7650095 0.0210622
0.7575694 0.0216123
0.7500507 0.0221628
0.7424559 0.0227133
0.7347871 0.0232635
0.7270468 0.0238131
0.7192373 0.0243616
0.7113609 0.0249088
0.7034202 0.0254542
0.6954174 0.0259975
0.6873551 0.0265383
0.6792356 0.0270763
0.6710615 0.0276111
0.6628353 0.0281422
0.6545594 0.0286694
0.6462363 0.0291922
0.6378687 0.0297103
0.6294590 0.0302232
0.6210099 0.0307306
0.6125238 0.0312320
0.6040035 0.0317271
0.5954514 0.0322155
0.5868702 0.0326967
0.5782624 0.0331704
0.5696308 0.0336361
0.5609779 0.0340935
0.5523065 0.0345421
0.5436190 0.0349815
0.5349182 0.0354112
0.5262067 0.0358310
0.5174872 0.0362402
0.5087624 0.0366386
0.5000348 0.0370258
0.4913072 0.0374012
0.4825822 0.0377645
0.4738624 0.0381152
0.4651506 0.0384530
0.4564494 0.0387774
0.4477615 0.0390880
0.4390894 0.0393845
0.4304358 0.0396664
0.4218034 0.0399333
0.4131948 0.0401849
0.4046126 0.0404207
0.3960595 0.0406404
0.3875380 0.0408437
0.3790507 0.0410301
0.3706003 0.0411993
0.3621893 0.0413510
0.3538203 0.0414848
0.3454958 0.0416005
0.3372183 0.0416977
0.3289905 0.0417762
0.3208105 0.0418353
0.3126833 0.0418740
0.3046132 0.0418919
0.2966027 0.0418889
0.2886543 0.0418648
0.2807703 0.0418194
0.2729531 0.0417525
0.2652052 0.0416640
0.2575290 0.0415538
0.2499267 0.0414218
0.2424007 0.0412680
0.2349534 0.0410922
0.2275869 0.0408944
0.2203036 0.0406746
0.2131057 0.0404328
0.2059953 0.0401691
0.1989747 0.0398834
0.1920460 0.0395759
0.1852113 0.0392465
0.1784728 0.0388955
0.1718323 0.0385230
0.1652921 0.0381290
0.1588541 0.0377138
0.1525203 0.0372775
0.1462925 0.0368203
0.1401728 0.0363425
0.1341629 0.0358443
0.1282647 0.0353260
0.1224801 0.0347877
0.1168107 0.0342298
0.1112583 0.0336527
0.1058247 0.0330565
0.1005114 0.0324417
0.0953200 0.0318086
0.0902522 0.0311575
0.0853095 0.0304887
0.0804935 0.0298028
0.0758055 0.0290999
0.0712470 0.0283806
0.0668193 0.0276452
0.0625240 0.0268941
0.0583621 0.0261278
0.0543351 0.0253465
0.0504441 0.0245508
0.0466903 0.0237410
0.0430748 0.0229176
0.0395988 0.0220809
0.0362633 0.0212313
0.0330692 0.0203693
0.0300177 0.0194952
0.0271095 0.0186095
0.0243457 0.0177125
0.0217269 0.0168045
0.0192540 0.0158860
0.0169278 0.0149573
0.0147489 0.0140187
0.0127181 0.0130706
0.0108358 0.0121133
0.0091027 0.0111471
0.0075193 0.0101722
0.0060861 0.0091889
0.0048035 0.0081976
0.0036718 0.0071984
0.0026915 0.0061915
0.0018627 0.0051772
0.0011859 0.0041557
0.0006610 0.0031271
0.0002884 0.0020915
0.0000680 0.0010491
0.0000000 0.0000000
0.0000843 -0.0010479
0.0003208 -0.0020867
0.0007095 -0.0031164
0.0012501 -0.0041368
0.0019426 -0.0051477
0.0027866 -0.0061491
0.0037820 -0.0071408
0.0049285 -0.0081225
0.0062256 -0.0090941
0.0076729 -0.0100554
0.0092701 -0.0110062
0.0110166 -0.0119463
0.0129119 -0.0128753
0.0149553 -0.0137931
0.0171464 -0.0146993
0.0194843 -0.0155938
0.0219683 -0.0164762
0.0245978 -0.0173462
0.0273719 -0.0182036
0.0302897 -0.0190480
0.0333503 -0.0198792
0.0365529 -0.0206968
0.0398964 -0.0215004
0.0433797 -0.0222899
0.0470020 -0.0230648
0.0507619 -0.0238249
0.0546584 -0.0245698
0.0586903 -0.0252993
0.0628563 -0.0260129
0.0671552 -0.0267105
0.0715857 -0.0273916
0.0761464 -0.0280560
0.0808360 -0.0287034
0.0856529 -0.0293335
0.0905957 -0.0299461
0.0956630 -0.0305409
0.1008531 -0.0311175
0.1061646 -0.0316759
0.1115957 -0.0322157
0.1171448 -0.0327368
0.1228103 -0.0332388
0.1285904 -0.0337217
0.1344834 -0.0341853
0.1404874 -0.0346294
0.1466007 -0.0350538
0.1528214 -0.0354585
0.1591475 -0.0358434
0.1655773 -0.0362082
0.1721086 -0.0365531
0.1787396 -0.0368779
0.1854683 -0.0371825
0.1922925 -0.0374670
0.1992102 -0.0377314
0.2062194 -0.0379757
0.2133179 -0.0381999
0.2205035 -0.0384041
0.2277740 -0.0385884
0.2351273 -0.0387528
0.2425612 -0.0388975
0.2500733 -0.0390226
0.2576614 -0.0391283
0.2653232 -0.0392147
0.2730564 -0.0392820
0.2808586 -0.0393304
0.2887275 -0.0393602
0.2966606 -0.0393715
0.3046556 -0.0393646
0.3127101 -0.0393398
0.3208216 -0.0392974
0.3289894 -0.0392375
0.3372135 -0.0391597
0.3454872 -0.0390638
0.3538080 -0.0389503
0.3621733 -0.0388194
0.3705806 -0.0386714
0.3790274 -0.0385068
0.3875110 -0.0383258
0.3960288 -0.0381287
0.4045784 -0.0379161
0.4131570 -0.0376882
0.4217621 -0.0374454
0.4303911 -0.0371881
0.4390413 -0.0369167
0.4477101 -0.0366315
0.4563948 -0.0363331
0.4650929 -0.0360217
0.4738016 -0.0356979
0.4825183 -0.0353620
0.4912404 -0.0350143
0.4999652 -0.0346555
0.5086900 -0.0342857
0.5174123 -0.0339055
0.5261292 -0.0335153
0.5348383 -0.0331155
0.5435368 -0.0327064
0.5522220 -0.0322886
0.5608914 -0.0318623
0.5695423 -0.0314281
0.5781720 -0.0309862
0.5867780 -0.0305372
0.5953576 -0.0300814
0.6039082 -0.0296192
0.6124272 -0.0291509
0.6209120 -0.0286770
0.6293600 -0.0281979
0.6377687 -0.0277139
0.6461354 -0.0272254
0.6544576 -0.0267328
0.6627329 -0.0262364
0.6709586 -0.0257366
0.6791323 -0.0252337
0.6872515 -0.0247281
0.6953137 -0.0242202
0.7033165 -0.0237103
0.7112573 -0.0231987
0.7191339 -0.0226859
0.7269437 -0.0221720
0.7346845 -0.0216575
0.7423538 -0.0211426
0.7499493 -0.0206278
0.7574687 -0.0201132
0.7649097 -0.0195994
0.7722701 -0.0190865
0.7795476 -0.0185748
0.7867399 -0.0180648
0.7938450 -0.0175567
0.8008605 -0.0170508
0.8077845 -0.0165475
0.8146147 -0.0160469
0.8213491 -0.0155496
0.8279857 -0.0150557
0.8345223 -0.0145655
0.8409571 -0.0140794
0.8472881 -0.0135976
0.8535132 -0.0131206
0.8596307 -0.0126484
0.8656387 -0.0121816
0.8715353 -0.0117203
0.8773188 -0.0112648
0.8829873 -0.0108155
0.8885391 -0.0103726
0.8939726 -0.0099365
0.8992861 -0.0095073
0.9044780 -0.0090855
0.9095467 -0.0086713
0.9144906 -0.0082649
0.9193082 -0.0078667
0.9239981 -0.0074770
0.9285589 -0.0070959
0.9329891 -0.0067239
0.9372873 -0.0063610
0.9414524 -0.0060077
0.9454830 -0.0056642
0.9493778 -0.0053307
0.9531357 -0.0050074
0.9567556 -0.0046947
0.9602363 -0.0043928
0.9635768 -0.0041018
0.9667761 -0.0038221
0.9698331 -0.0035538
0.9727470 -0.0032972
0.9755168 -0.0030524
0.9781418 -0.0028196
0.9806211 -0.0025991
0.9829539 -0.0023911
0.9851396 -0.0021956
0.9871774 -0.0020129
0.9890668 -0.0018431
0.9908072 -0.0016863
0.9923980 -0.0015427
0.9938388 -0.0014124
0.9951291 -0.0012956
0.9962686 -0.0011922
0.9972568 -0.0011025
0.9980935 -0.0010264
0.9987784 -0.0009640
0.9993113 -0.0009155
0.9996921 -0.0008808
0.9999206 -0.0008600
0.9999968 -0.0008530
