AIRFOIL_LNY
1.0002322 0.0018719
1.0001580 0.0018972
0.9999354 0.0019732
0.9995645 0.0020997
0.9990453 0.0022766
0.9983780 0.0025039
0.9975628 0.0027812
0.9965999 0.0031084
0.9954894 0.0034852
0.9942318 0.0039112
0.9928274 0.0043860
0.9912764 0.0049094
0.9895794 0.0054807
0.9877367 0.0060996
0.9857488 0.0067655
0.9836163 0.0074778
0.9813396 0.0082359
0.9789195 0.0090392
0.9763566 0.0098871
0.9736514 0.0107787
0.9708048 0.0117134
0.9678174 0.0126903
0.9646902 0.0137088
0.9614238 0.0147678
0.9580192 0.0158667
0.9544773 0.0170044
0.9507990 0.0181801
0.9469854 0.0193928
0.9430374 0.0206415
0.9389561 0.0219254
0.9347427 0.0232432
0.9303982 0.0245941
0.9259238 0.0259770
0.9213208 0.0273908
0.9165905 0.0288344
0.9117341 0.0303067
0.9067529 0.0318066
0.9016484 0.0333330
0.8964220 0.0348848
0.8910750 0.0364607
0.8856091 0.0380597
0.8800256 0.0396806
0.8743263 0.0413221
0.8685127 0.0429831
0.8625864 0.0446625
0.8565490 0.0463589
0.8504024 0.0480713
0.8441483 0.0497983
0.8377884 0.0515388
0.8313245 0.0532916
0.8247586 0.0550555
0.8180924 0.0568292
0.8113279 0.0586115
0.8044671 0.0604011
0.7975119 0.0621970
0.7904644 0.0639977
0.7833265 0.0658022
0.7761005 0.0676091
0.7687883 0.0694173
0.7613921 0.0712256
0.7539142 0.0730326
0.7463566 0.0748372
0.7387216 0.0766382
0.7310115 0.0784343
0.7232286 0.0802243
0.7153751 0.0820070
0.7074534 0.0837812
0.6994658 0.0855456
0.6914147 0.0872991
0.6833026 0.0890405
0.6751319 0.0907684
0.6669049 0.0924818
0.6586243 0.0941794
0.6502924 0.0958600
0.6419119 0.0975224
0.6334852 0.0991655
0.6250149 0.1007879
0.6165035 0.1023887
0.6079538 0.1039665
0.5993682 0.1055202
0.5907494 0.1070487
0.5821001 0.1085507
0.5734228 0.1100251
0.5647204 0.1114709
0.5559954 0.1128867
0.5472506 0.1142716
0.5384887 0.1156244
0.5297123 0.1169439
0.5209243 0.1182292
0.5121274 0.1194791
0.5033243 0.1206925
0.4945177 0.1218685
0.4857106 0.1230059
0.4769055 0.1241038
0.4681053 0.1251612
0.4593127 0.1261771
0.4505307 0.1271505
0.4417618 0.1280806
0.4330090 0.1289663
0.4242750 0.1298069
0.4155626 0.1306015
0.4068745 0.1313492
0.3982136 0.1320493
0.3895827 0.1327010
0.3809844 0.1333035
0.3724216 0.1338563
0.3638971 0.1343586
0.3554135 0.1348098
0.3469736 0.1352093
0.3385802 0.1355566
0.3302359 0.1358511
0.3219435 0.1360925
0.3137057 0.1362802
0.3055251 0.1364140
0.2974044 0.1364935
0.2893462 0.1365183
0.2813531 0.1364884
0.2734278 0.1364034
0.2655729 0.1362633
0.2577908 0.1360680
0.2500842 0.1358173
0.2422366 0.1355089
0.2337647 0.1350817
0.2253947 0.1345118
0.2171309 0.1338026
0.2089776 0.1329576
0.2009389 0.1319805
0.1930190 0.1308751
0.1852217 0.1296453
0.1775508 0.1282952
0.1700099 0.1268289
0.1626027 0.1252508
0.1553323 0.1235651
0.1482021 0.1217764
0.1412152 0.1198891
0.1343744 0.1179078
0.1276826 0.1158372
0.1211425 0.1136818
0.1147564 0.1114465
0.1085269 0.1091358
0.1024560 0.1067545
0.0965458 0.1043073
0.0907983 0.1017990
0.0852152 0.0992341
0.0797982 0.0966174
0.0745488 0.0939534
0.0694683 0.0912467
0.0645580 0.0885018
0.0598190 0.0857233
0.0552523 0.0829153
0.0508588 0.0800823
0.0466392 0.0772285
0.0425942 0.0743579
0.0387243 0.0714746
0.0350300 0.0685826
0.0315116 0.0656856
0.0281693 0.0627874
0.0250033 0.0598914
0.0220137 0.0570013
0.0192003 0.0541202
0.0165631 0.0512514
0.0141018 0.0483978
0.0118162 0.0455625
0.0097060 0.0427481
0.0077707 0.0399573
0.0060098 0.0371925
0.0044228 0.0344559
0.0030089 0.0317498
0.0017677 0.0290761
0.0006981 0.0264365
-0.0002004 0.0238327
-0.0009288 0.0212662
-0.0014881 0.0187382
-0.0018791 0.0162499
-0.0021030 0.0138022
-0.0021607 0.0113959
-0.0020536 0.0090316
-0.0017827 0.0067097
-0.0013492 0.0044304
-0.0007545 0.0021939
0.0000000 0.0000000
0.0009069 -0.0021354
0.0019584 -0.0041967
0.0031531 -0.0061843
0.0044895 -0.0080988
0.0059660 -0.0099408
0.0075811 -0.0117111
0.0093329 -0.0134104
0.0112200 -0.0150396
0.0132405 -0.0165996
0.0153926 -0.0180915
0.0176747 -0.0195163
0.0200847 -0.0208752
0.0226210 -0.0221693
0.0252815 -0.0234000
0.0280644 -0.0245686
0.0309676 -0.0256764
0.0339892 -0.0267249
0.0371272 -0.0277157
0.0403796 -0.0286502
0.0437443 -0.0295301
0.0472193 -0.0303570
0.0508025 -0.0311326
0.0544918 -0.0318586
0.0582852 -0.0325368
0.0621806 -0.0331690
0.0661759 -0.0337571
0.0702691 -0.0343029
0.0744582 -0.0348084
0.0787411 -0.0352754
0.0831158 -0.0357059
0.0875804 -0.0361020
0.0921329 -0.0364657
0.0967714 -0.0367988
0.1014941 -0.0371036
0.1062992 -0.0373821
0.1111848 -0.0376363
0.1161493 -0.0378683
0.1211909 -0.0380803
0.1263082 -0.0382744
0.1314996 -0.0384526
0.1367635 -0.0386173
0.1420987 -0.0387704
0.1475038 -0.0389142
0.1529776 -0.0390508
0.1585188 -0.0391824
0.1641265 -0.0393113
0.1697995 -0.0394396
0.1755371 -0.0395696
0.1813383 -0.0397034
0.1872024 -0.0398434
0.1931288 -0.0399917
0.1991168 -0.0401508
0.2051660 -0.0403228
0.2112758 -0.0405101
0.2174460 -0.0407151
0.2236762 -0.0409400
0.2299663 -0.0411873
0.2363161 -0.0414593
0.2427254 -0.0417585
0.2499158 -0.0420675
0.2573996 -0.0423420
0.2649556 -0.0425806
0.2725817 -0.0427840
0.2802757 -0.0429527
0.2880356 -0.0430875
0.2958590 -0.0431888
0.3037438 -0.0432575
0.3116877 -0.0432943
0.3196885 -0.0432998
0.3277439 -0.0432749
0.3358517 -0.0432204
0.3440094 -0.0431369
0.3522148 -0.0430254
0.3604656 -0.0428867
0.3687593 -0.0427217
0.3770937 -0.0425311
0.3854663 -0.0423158
0.3938747 -0.0420768
0.4023165 -0.0418149
0.4107893 -0.0415310
0.4192905 -0.0412259
0.4278179 -0.0409006
0.4363688 -0.0405559
0.4449409 -0.0401928
0.4535315 -0.0398121
0.4621383 -0.0394146
0.4707586 -0.0390013
0.4793900 -0.0385730
0.4880298 -0.0381305
0.4966757 -0.0376748
0.5053250 -0.0372065
0.5139752 -0.0367265
0.5226236 -0.0362357
0.5312678 -0.0357348
0.5399051 -0.0352245
0.5485330 -0.0347056
0.5571489 -0.0341789
0.5657503 -0.0336450
0.5743344 -0.0331046
0.5828988 -0.0325584
0.5914408 -0.0320070
0.5999579 -0.0314511
0.6084475 -0.0308913
0.6169070 -0.0303282
0.6253339 -0.0297623
0.6337255 -0.0291942
0.6420793 -0.0286243
0.6503927 -0.0280533
0.6586632 -0.0274816
0.6668883 -0.0269096
0.6750653 -0.0263378
0.6831919 -0.0257666
0.6912653 -0.0251965
0.6992833 -0.0246278
0.7072432 -0.0240608
0.7151426 -0.0234960
0.7229790 -0.0229337
0.7307499 -0.0223742
0.7384530 -0.0218178
0.7460858 -0.0212648
0.7536459 -0.0207154
0.7611310 -0.0201701
0.7685386 -0.0196289
0.7758664 -0.0190922
0.7831121 -0.0185602
0.7902734 -0.0180331
0.7973479 -0.0175111
0.8043336 -0.0169945
0.8112280 -0.0164835
0.8180291 -0.0159782
0.8247345 -0.0154789
0.8313422 -0.0149857
0.8378501 -0.0144988
0.8442559 -0.0140185
0.8505577 -0.0135448
0.8567534 -0.0130780
0.8628410 -0.0126182
0.8688185 -0.0121656
0.8746839 -0.0117204
0.8804354 -0.0112828
0.8860709 -0.0108529
0.8915888 -0.0104309
0.8969871 -0.0100170
0.9022641 -0.0096113
0.9074180 -0.0092140
0.9124471 -0.0088253
0.9173497 -0.0084453
0.9221243 -0.0080743
0.9267691 -0.0077124
0.9312827 -0.0073598
0.9356636 -0.0070166
0.9399102 -0.0066830
0.9440211 -0.0063592
0.9479950 -0.0060454
0.9518305 -0.0057418
0.9555262 -0.0054484
0.9590811 -0.0051655
0.9624937 -0.0048932
0.9657630 -0.0046318
0.9688878 -0.0043813
0.9718672 -0.0041419
0.9747000 -0.0039138
0.9773852 -0.0036970
0.9799221 -0.0034919
0.9823096 -0.0032984
0.9845469 -0.0031168
0.9866334 -0.0029471
0.9885682 -0.0027895
0.9903508 -0.0026440
0.9919804 -0.0025109
0.9934565 -0.0023901
0.9947786 -0.0022818
0.9959463 -0.0021860
0.9969591 -0.0021029
0.9978167 -0.0020324
0.9985188 -0.0019747
0.9990651 -0.0019298
0.9994554 -0.0018976
0.9996897 -0.0018783
0.9997678 -0.0018719
