AIRFOIL_LNY
1.0001577 0.0010941
1.0000829 0.0011143
0.9998584 0.0011751
0.9994843 0.0012763
0.9989607 0.0014178
0.9982877 0.0015995
0.9974656 0.0018212
0.9964945 0.0020826
0.9953746 0.0023835
0.9941063 0.0027236
0.9926900 0.0031024
0.9911259 0.0035197
0.9894145 0.0039750
0.9875563 0.0044678
0.9855517 0.0049975
0.9834012 0.0055637
0.9811055 0.0061657
0.9786652 0.0068029
0.9760808 0.0074747
0.9733531 0.0081804
0.9704829 0.0089192
0.9674708 0.0096904
0.9643177 0.0104932
0.9610244 0.0113268
0.9575919 0.0121903
0.9540210 0.0130829
0.9503127 0.0140036
0.9464680 0.0149516
0.9424880 0.0159258
0.9383737 0.0169254
0.9341263 0.0179492
0.9297470 0.0189963
0.9252369 0.0200657
0.9205972 0.0211563
0.9158294 0.0222670
0.9109346 0.0233967
0.9059142 0.0245444
0.9007697 0.0257088
0.8955024 0.0268890
0.8901139 0.0280837
0.8846056 0.0292918
0.8789791 0.0305122
0.8732360 0.0317436
0.8673780 0.0329850
0.8614065 0.0342350
0.8553235 0.0354926
0.8491305 0.0367566
0.8428294 0.0380257
0.8364220 0.0392989
0.8299101 0.0405748
0.8232956 0.0418523
0.8165803 0.0431303
0.8097663 0.0444074
0.8028555 0.0456827
0.7958499 0.0469548
0.7887515 0.0482226
0.7815625 0.0494849
0.7742849 0.0507407
0.7669209 0.0519886
0.7594726 0.0532277
0.7519422 0.0544566
0.7443320 0.0556745
0.7366442 0.0568800
0.7288811 0.0580721
0.7210449 0.0592497
0.7131382 0.0604117
0.7051631 0.0615571
0.6971221 0.0626848
0.6890176 0.0637938
0.6808521 0.0648829
0.6726280 0.0659513
0.6643478 0.0669979
0.6560141 0.0680218
0.6476293 0.0690219
0.6391960 0.0699974
0.6307167 0.0709473
0.6221942 0.0718707
0.6136310 0.0727667
0.6050297 0.0736344
0.5963930 0.0744730
0.5877235 0.0752817
0.5790241 0.0760596
0.5702972 0.0768060
0.5615458 0.0775201
0.5527724 0.0782012
0.5439799 0.0788485
0.5351710 0.0794614
0.5263485 0.0800393
0.5175151 0.0805814
0.5086788 0.0810873
0.4998437 0.0815583
0.4910064 0.0819940
0.4821696 0.0823939
0.4733363 0.0827576
0.4645093 0.0830845
0.4556912 0.0833743
0.4468850 0.0836265
0.4380934 0.0838407
0.4293193 0.0840166
0.4205656 0.0841538
0.4118349 0.0842522
0.4031301 0.0843113
0.3944541 0.0843311
0.3858097 0.0843112
0.3771996 0.0842517
0.3686266 0.0841522
0.3600935 0.0840129
0.3516031 0.0838335
0.3431581 0.0836142
0.3347614 0.0833548
0.3264156 0.0830556
0.3181234 0.0827165
0.3098876 0.0823378
0.3017108 0.0819196
0.2935958 0.0814621
0.2855451 0.0809655
0.2775614 0.0804303
0.2696473 0.0798566
0.2618055 0.0792448
0.2540383 0.0785954
0.2463485 0.0779089
0.2387385 0.0771856
0.2312107 0.0764261
0.2237677 0.0756309
0.2164118 0.0748007
0.2091455 0.0739360
0.2019710 0.0730376
0.1948908 0.0721061
0.1879071 0.0711422
0.1810221 0.0701467
0.1742382 0.0691204
0.1675574 0.0680641
0.1609819 0.0669786
0.1545138 0.0658649
0.1481552 0.0647238
0.1419080 0.0635562
0.1357743 0.0623631
0.1297561 0.0611455
0.1238551 0.0599044
0.1180732 0.0586407
0.1124123 0.0573555
0.1068742 0.0560499
0.1014604 0.0547248
0.0961727 0.0533814
0.0910127 0.0520207
0.0859820 0.0506439
0.0810822 0.0492519
0.0763145 0.0478459
0.0716807 0.0464269
0.0671819 0.0449962
0.0628195 0.0435546
0.0585949 0.0421034
0.0545092 0.0406437
0.0505636 0.0391763
0.0467593 0.0377025
0.0430974 0.0362233
0.0395789 0.0347396
0.0362048 0.0332525
0.0329760 0.0317630
0.0298934 0.0302720
0.0269579 0.0287804
0.0241702 0.0272893
0.0215312 0.0257994
0.0190414 0.0243117
0.0167016 0.0228269
0.0145124 0.0213459
0.0124742 0.0198693
0.0105877 0.0183980
0.0088532 0.0169325
0.0072711 0.0154737
0.0058419 0.0140219
0.0045658 0.0125779
0.0034431 0.0111421
0.0024740 0.0097151
0.0016587 0.0082971
0.0009973 0.0068888
0.0004899 0.0054902
0.0001365 0.0041019
-0.0000629 0.0027239
-0.0001084 0.0013566
0.0000000 0.0000000
0.0002607 -0.0013357
0.0006721 -0.0026404
0.0012340 -0.0039141
0.0019461 -0.0051567
0.0028080 -0.0063680
0.0038194 -0.0075481
0.0049798 -0.0086969
0.0062888 -0.0098143
0.0077459 -0.0109002
0.0093503 -0.0119546
0.0111017 -0.0129774
0.0129992 -0.0139686
0.0150423 -0.0149282
0.0172300 -0.0158560
0.0195618 -0.0167521
0.0220367 -0.0176165
0.0246538 -0.0184490
0.0274123 -0.0192498
0.0303112 -0.0200187
0.0333495 -0.0207559
0.0365262 -0.0214612
0.0398402 -0.0221348
0.0432904 -0.0227767
0.0468757 -0.0233870
0.0505948 -0.0239656
0.0544466 -0.0245127
0.0584299 -0.0250283
0.0625432 -0.0255126
0.0667854 -0.0259657
0.0711551 -0.0263877
0.0756508 -0.0267788
0.0802712 -0.0271391
0.0850149 -0.0274689
0.0898803 -0.0277683
0.0948659 -0.0280376
0.0999703 -0.0282770
0.1051918 -0.0284868
0.1105289 -0.0286672
0.1159799 -0.0288187
0.1215432 -0.0289415
0.1272172 -0.0290359
0.1330001 -0.0291024
0.1388902 -0.0291414
0.1448859 -0.0291532
0.1509852 -0.0291383
0.1571865 -0.0290972
0.1634879 -0.0290304
0.1698875 -0.0289383
0.1763836 -0.0288215
0.1829742 -0.0286806
0.1896575 -0.0285161
0.1964314 -0.0283286
0.2032942 -0.0281187
0.2102437 -0.0278870
0.2172781 -0.0276343
0.2243953 -0.0273611
0.2315933 -0.0270682
0.2388700 -0.0267562
0.2462235 -0.0264258
0.2536515 -0.0260779
0.2611520 -0.0257131
0.2687230 -0.0253321
0.2763622 -0.0249359
0.2840674 -0.0245250
0.2918366 -0.0241004
0.2996676 -0.0236628
0.3075581 -0.0232130
0.3155058 -0.0227518
0.3235087 -0.0222800
0.3315643 -0.0217984
0.3396705 -0.0213079
0.3478249 -0.0208092
0.3560252 -0.0203032
0.3642692 -0.0197907
0.3725544 -0.0192724
0.3808785 -0.0187493
0.3892393 -0.0182219
0.3976342 -0.0176912
0.4060609 -0.0171579
0.4145169 -0.0166228
0.4230000 -0.0160866
0.4315076 -0.0155501
0.4400372 -0.0150139
0.4485866 -0.0144788
0.4571531 -0.0139455
0.4657343 -0.0134146
0.4743277 -0.0128868
0.4829309 -0.0123628
0.4915412 -0.0118430
0.5001563 -0.0113282
0.5087736 -0.0108189
0.5173844 -0.0103159
0.5259875 -0.0098214
0.5345855 -0.0093360
0.5431759 -0.0088602
0.5517561 -0.0083944
0.5603236 -0.0079391
0.5688759 -0.0074946
0.5774104 -0.0070612
0.5859246 -0.0066394
0.5944160 -0.0062293
0.6028820 -0.0058313
0.6113201 -0.0054456
0.6197277 -0.0050723
0.6281023 -0.0047117
0.6364414 -0.0043639
0.6447424 -0.0040291
0.6530029 -0.0037072
0.6612203 -0.0033984
0.6693921 -0.0031027
0.6775158 -0.0028202
0.6855889 -0.0025507
0.6936090 -0.0022943
0.7015736 -0.0020509
0.7094801 -0.0018204
0.7173262 -0.0016027
0.7251094 -0.0013976
0.7328274 -0.0012051
0.7404776 -0.0010248
0.7480578 -0.0008567
0.7555655 -0.0007005
0.7629984 -0.0005560
0.7703541 -0.0004229
0.7776304 -0.0003010
0.7848249 -0.0001899
0.7919354 -0.0000895
0.7989595 0.0000007
0.8058952 0.0000809
0.8127401 0.0001514
0.8194920 0.0002126
0.8261489 0.0002648
0.8327086 0.0003085
0.8391689 0.0003438
0.8455278 0.0003713
0.8517833 0.0003912
0.8579333 0.0004040
0.8639757 0.0004100
0.8699088 0.0004095
0.8757305 0.0004031
0.8814388 0.0003909
0.8870321 0.0003735
0.8925084 0.0003512
0.8978658 0.0003243
0.9031028 0.0002932
0.9082175 0.0002583
0.9132082 0.0002200
0.9180733 0.0001786
0.9228112 0.0001344
0.9274203 0.0000878
0.9318991 0.0000392
0.9362460 -0.0000113
0.9404596 -0.0000631
0.9445385 -0.0001160
0.9484814 -0.0001698
0.9522868 -0.0002241
0.9559536 -0.0002785
0.9594804 -0.0003330
0.9628662 -0.0003871
0.9661097 -0.0004407
0.9692098 -0.0004934
0.9721654 -0.0005451
0.9749757 -0.0005955
0.9776396 -0.0006444
0.9801562 -0.0006916
0.9825246 -0.0007369
0.9847441 -0.0007802
0.9868138 -0.0008212
0.9887331 -0.0008598
0.9905013 -0.0008958
0.9921178 -0.0009292
0.9935820 -0.0009598
0.9948935 -0.0009874
0.9960517 -0.0010120
0.9970563 -0.0010336
0.9979070 -0.0010519
0.9986034 -0.0010670
0.9991452 -0.0010788
0.9995324 -0.0010873
0.9997648 -0.0010924
0.9998423 -0.0010941
