AIRFOIL_LNY
1.0000824 0.0008399
1.0000069 0.0008545
0.9997805 0.0008983
0.9994033 0.0009712
0.9988754 0.0010731
0.9981969 0.0012040
0.9973680 0.0013638
0.9963889 0.0015523
0.9952600 0.0017693
0.9939816 0.0020147
0.9925539 0.0022881
0.9909775 0.0025894
0.9892528 0.0029183
0.9873803 0.0032745
0.9853606 0.0036577
0.9831941 0.0040675
0.9808815 0.0045035
0.9784236 0.0049655
0.9758210 0.0054528
0.9730744 0.0059652
0.9701847 0.0065022
0.9671527 0.0070633
0.9639793 0.0076479
0.9606654 0.0082557
0.9572119 0.0088860
0.9536199 0.0095384
0.9498904 0.0102122
0.9460244 0.0109069
0.9420232 0.0116219
0.9378879 0.0123565
0.9336197 0.0131103
0.9292198 0.0138824
0.9246895 0.0146723
0.9200302 0.0154794
0.9152432 0.0163029
0.9103299 0.0171422
0.9052917 0.0179965
0.9001302 0.0188653
0.8948469 0.0197478
0.8894433 0.0206433
0.8839210 0.0215510
0.8782816 0.0224703
0.8725269 0.0234004
0.8666584 0.0243406
0.8606780 0.0252902
0.8545874 0.0262484
0.8483884 0.0272145
0.8420829 0.0281877
0.8356727 0.0291673
0.8291598 0.0301525
0.8225460 0.0311427
0.8158334 0.0321370
0.8090240 0.0331347
0.8021197 0.0341350
0.7951227 0.0351373
0.7880350 0.0361408
0.7808588 0.0371446
0.7735962 0.0381482
0.7662494 0.0391507
0.7588206 0.0401514
0.7513120 0.0411497
0.7437259 0.0421446
0.7360645 0.0431356
0.7283303 0.0441219
0.7205254 0.0451028
0.7126523 0.0460776
0.7047134 0.0470456
0.6967109 0.0480060
0.6886475 0.0489582
0.6805254 0.0499015
0.6723472 0.0508352
0.6641153 0.0517585
0.6558322 0.0526710
0.6475005 0.0535718
0.6391227 0.0544603
0.6307013 0.0553358
0.6222389 0.0561978
0.6137381 0.0570455
0.6052015 0.0578784
0.5966316 0.0586959
0.5880311 0.0594972
0.5794026 0.0602818
0.5707488 0.0610491
0.5620723 0.0617986
0.5533758 0.0625296
0.5446619 0.0632416
0.5359333 0.0639340
0.5271927 0.0646063
0.5184428 0.0652580
0.5096863 0.0658885
0.5009259 0.0664973
0.4921642 0.0670840
0.4834040 0.0676481
0.4746480 0.0681891
0.4658989 0.0687066
0.4571594 0.0692001
0.4484322 0.0696692
0.4397201 0.0701135
0.4310256 0.0705327
0.4223516 0.0709263
0.4137007 0.0712941
0.4050755 0.0716357
0.3964789 0.0719508
0.3879134 0.0722392
0.3793817 0.0725005
0.3708866 0.0727344
0.3624305 0.0729409
0.3540163 0.0731197
0.3456464 0.0732706
0.3373236 0.0733935
0.3290503 0.0734881
0.3208293 0.0735545
0.3125426 0.0735836
0.3042667 0.0735510
0.2960521 0.0734561
0.2879014 0.0732997
0.2798175 0.0730827
0.2718033 0.0728060
0.2638613 0.0724705
0.2559945 0.0720773
0.2482054 0.0716275
0.2404968 0.0711223
0.2328714 0.0705628
0.2253316 0.0699504
0.2178801 0.0692864
0.2105195 0.0685720
0.2032523 0.0678089
0.1960809 0.0669983
0.1890077 0.0661418
0.1820352 0.0652409
0.1751656 0.0642973
0.1684013 0.0633126
0.1617446 0.0622883
0.1551976 0.0612262
0.1487626 0.0601280
0.1424416 0.0589954
0.1362366 0.0578302
0.1301498 0.0566342
0.1241831 0.0554091
0.1183383 0.0541568
0.1126174 0.0528791
0.1070221 0.0515778
0.1015543 0.0502547
0.0962156 0.0489118
0.0910077 0.0475507
0.0859321 0.0461734
0.0809904 0.0447816
0.0761840 0.0433773
0.0715145 0.0419621
0.0669832 0.0405379
0.0625913 0.0391064
0.0583402 0.0376693
0.0542311 0.0362285
0.0502651 0.0347856
0.0464432 0.0333421
0.0427667 0.0318999
0.0392363 0.0304604
0.0358531 0.0290252
0.0326180 0.0275958
0.0295316 0.0261736
0.0265950 0.0247602
0.0238086 0.0233568
0.0211732 0.0219648
0.0186895 0.0205855
0.0163579 0.0192200
0.0141789 0.0178694
0.0121531 0.0165350
0.0102808 0.0152177
0.0085623 0.0139185
0.0069980 0.0126383
0.0055881 0.0113780
0.0043327 0.0101382
0.0032322 0.0089198
0.0022864 0.0077232
0.0014956 0.0065492
0.0008597 0.0053982
0.0003786 0.0042706
0.0000522 0.0031667
-0.0001195 0.0020869
-0.0001368 0.0010313
0.0000000 0.0000000
0.0002892 -0.0009993
0.0007287 -0.0019591
0.0013182 -0.0028794
0.0020574 -0.0037604
0.0029456 -0.0046020
0.0039825 -0.0054046
0.0051674 -0.0061682
0.0064998 -0.0068931
0.0079789 -0.0075796
0.0096042 -0.0082280
0.0113748 -0.0088385
0.0132901 -0.0094115
0.0153492 -0.0099476
0.0175512 -0.0104470
0.0198952 -0.0109103
0.0223804 -0.0113380
0.0250058 -0.0117306
0.0277702 -0.0120888
0.0306728 -0.0124130
0.0337124 -0.0127039
0.0368879 -0.0129623
0.0401982 -0.0131889
0.0436420 -0.0133842
0.0472182 -0.0135493
0.0509255 -0.0136847
0.0547627 -0.0137914
0.0587284 -0.0138703
0.0628213 -0.0139221
0.0670401 -0.0139479
0.0713833 -0.0139486
0.0758495 -0.0139251
0.0804374 -0.0138785
0.0851454 -0.0138097
0.0899721 -0.0137198
0.0949159 -0.0136099
0.0999754 -0.0134811
0.1051489 -0.0133345
0.1104349 -0.0131713
0.1158319 -0.0129926
0.1213382 -0.0127995
0.1269521 -0.0125934
0.1326721 -0.0123753
0.1384965 -0.0121466
0.1444236 -0.0119085
0.1504517 -0.0116623
0.1565790 -0.0114092
0.1628040 -0.0111505
0.1691248 -0.0108875
0.1755396 -0.0106216
0.1820468 -0.0103540
0.1886445 -0.0100861
0.1953308 -0.0098192
0.2021041 -0.0095547
0.2089625 -0.0092938
0.2159040 -0.0090380
0.2229270 -0.0087885
0.2300294 -0.0085466
0.2372094 -0.0083138
0.2444651 -0.0080913
0.2517946 -0.0078804
0.2591959 -0.0076825
0.2666671 -0.0074988
0.2742062 -0.0073306
0.2818113 -0.0071791
0.2894803 -0.0070457
0.2972113 -0.0069315
0.3050021 -0.0068378
0.3128508 -0.0067657
0.3208028 -0.0067151
0.3289295 -0.0066637
0.3371083 -0.0066035
0.3453366 -0.0065351
0.3536120 -0.0064588
0.3619321 -0.0063751
0.3702944 -0.0062845
0.3786964 -0.0061874
0.3871355 -0.0060843
0.3956094 -0.0059756
0.4041155 -0.0058618
0.4126512 -0.0057434
0.4212139 -0.0056208
0.4298013 -0.0054944
0.4384106 -0.0053647
0.4470393 -0.0052320
0.4556848 -0.0050968
0.4643446 -0.0049596
0.4730160 -0.0048206
0.4816965 -0.0046803
0.4903834 -0.0045391
0.4990741 -0.0043972
0.5077661 -0.0042552
0.5164567 -0.0041132
0.5251432 -0.0039717
0.5338232 -0.0038310
0.5424939 -0.0036912
0.5511527 -0.0035528
0.5597970 -0.0034160
0.5684243 -0.0032810
0.5770318 -0.0031482
0.5856171 -0.0030176
0.5941774 -0.0028895
0.6027102 -0.0027642
0.6112129 -0.0026417
0.6196830 -0.0025223
0.6281177 -0.0024062
0.6365146 -0.0022933
0.6448712 -0.0021839
0.6531848 -0.0020780
0.6614529 -0.0019758
0.6696730 -0.0018773
0.6778426 -0.0017826
0.6859591 -0.0016918
0.6940202 -0.0016047
0.7020233 -0.0015216
0.7099659 -0.0014424
0.7178457 -0.0013671
0.7256602 -0.0012957
0.7334070 -0.0012281
0.7410837 -0.0011644
0.7486880 -0.0011044
0.7562175 -0.0010482
0.7636699 -0.0009957
0.7710428 -0.0009467
0.7783341 -0.0009013
0.7855414 -0.0008594
0.7926625 -0.0008208
0.7996953 -0.0007855
0.8066375 -0.0007533
0.8134869 -0.0007242
0.8202416 -0.0006981
0.8268992 -0.0006748
0.8334579 -0.0006543
0.8399154 -0.0006363
0.8462699 -0.0006209
0.8525194 -0.0006078
0.8586618 -0.0005970
0.8646953 -0.0005883
0.8706180 -0.0005816
0.8764280 -0.0005769
0.8821235 -0.0005738
0.8877027 -0.0005725
0.8931638 -0.0005727
0.8985053 -0.0005742
0.9037253 -0.0005771
0.9088222 -0.0005812
0.9137944 -0.0005864
0.9186404 -0.0005925
0.9233586 -0.0005995
0.9279475 -0.0006073
0.9324057 -0.0006157
0.9367318 -0.0006247
0.9409244 -0.0006343
0.9449821 -0.0006442
0.9489037 -0.0006544
0.9526879 -0.0006648
0.9563336 -0.0006754
0.9598395 -0.0006861
0.9632046 -0.0006968
0.9664277 -0.0007075
0.9695079 -0.0007181
0.9724441 -0.0007284
0.9752355 -0.0007386
0.9778811 -0.0007485
0.9803802 -0.0007580
0.9827317 -0.0007672
0.9849352 -0.0007760
0.9869897 -0.0007844
0.9888948 -0.0007922
0.9906496 -0.0007996
0.9922538 -0.0008063
0.9937068 -0.0008126
0.9950080 -0.0008182
0.9961572 -0.0008232
0.9971539 -0.0008276
0.9979978 -0.0008313
0.9986886 -0.0008344
0.9992262 -0.0008368
0.9996103 -0.0008385
0.9998408 -0.0008396
0.9999176 -0.0008399
