AIRFOIL_LNY
1.0000734 0.0010546
0.9999978 0.0010689
0.9997712 0.0011116
0.9993937 0.0011827
0.9988652 0.0012822
0.9981860 0.0014100
0.9973563 0.0015660
0.9963763 0.0017500
0.9952463 0.0019618
0.9939666 0.0022014
0.9925376 0.0024684
0.9909597 0.0027626
0.9892334 0.0030838
0.9873592 0.0034317
0.9853375 0.0038060
0.9831691 0.0042064
0.9808545 0.0046325
0.9783944 0.0050839
0.9757895 0.0055603
0.9730406 0.0060613
0.9701485 0.0065864
0.9671140 0.0071351
0.9639380 0.0077071
0.9606215 0.0083019
0.9571654 0.0089189
0.9535706 0.0095577
0.9498384 0.0102176
0.9459697 0.0108983
0.9419657 0.0115991
0.9378276 0.0123194
0.9335566 0.0130587
0.9291539 0.0138164
0.9246209 0.0145919
0.9199588 0.0153846
0.9151691 0.0161939
0.9102532 0.0170191
0.9052125 0.0178595
0.9000484 0.0187147
0.8947626 0.0195838
0.8893566 0.0204664
0.8838320 0.0213616
0.8781905 0.0222688
0.8724336 0.0231874
0.8665632 0.0241166
0.8605809 0.0250559
0.8544886 0.0260044
0.8482880 0.0269617
0.8419810 0.0279268
0.8355695 0.0288992
0.8290555 0.0298782
0.8224407 0.0308631
0.8157273 0.0318531
0.8089172 0.0328477
0.8020125 0.0338460
0.7950152 0.0348475
0.7879275 0.0358513
0.7807514 0.0368569
0.7734891 0.0378635
0.7661429 0.0388704
0.7587149 0.0398770
0.7512073 0.0408825
0.7436224 0.0418863
0.7359625 0.0428876
0.7282299 0.0438859
0.7204269 0.0448803
0.7125560 0.0458702
0.7046194 0.0468550
0.6966196 0.0478339
0.6885590 0.0488063
0.6804400 0.0497714
0.6722652 0.0507286
0.6640369 0.0516773
0.6557576 0.0526168
0.6474300 0.0535463
0.6390565 0.0544652
0.6306397 0.0553729
0.6221821 0.0562687
0.6136863 0.0571519
0.6051548 0.0580218
0.5965904 0.0588779
0.5879956 0.0597195
0.5793731 0.0605458
0.5707254 0.0613564
0.5620552 0.0621505
0.5533652 0.0629275
0.5446580 0.0636868
0.5359363 0.0644278
0.5272028 0.0651498
0.5184602 0.0658523
0.5097111 0.0665347
0.5009582 0.0671963
0.4922042 0.0678367
0.4834519 0.0684551
0.4747039 0.0690512
0.4659629 0.0696242
0.4572316 0.0701737
0.4485126 0.0706992
0.4398088 0.0712002
0.4311228 0.0716761
0.4224572 0.0721264
0.4138148 0.0725508
0.4051983 0.0729488
0.3966102 0.0733198
0.3880533 0.0736636
0.3795301 0.0739797
0.3710435 0.0742677
0.3625959 0.0745273
0.3541901 0.0747582
0.3458286 0.0749599
0.3375140 0.0751323
0.3292490 0.0752751
0.3210360 0.0753880
0.3128777 0.0754708
0.3047765 0.0755232
0.2967351 0.0755452
0.2887559 0.0755366
0.2808413 0.0754973
0.2729300 0.0754256
0.2649314 0.0752966
0.2570080 0.0751019
0.2491626 0.0748427
0.2413980 0.0745199
0.2337169 0.0741347
0.2261220 0.0736884
0.2186161 0.0731821
0.2112017 0.0726172
0.2038814 0.0719950
0.1966578 0.0713169
0.1895334 0.0705845
0.1825108 0.0697993
0.1755922 0.0689627
0.1687801 0.0680764
0.1620768 0.0671421
0.1554846 0.0661615
0.1490057 0.0651361
0.1426423 0.0640679
0.1363966 0.0629585
0.1302705 0.0618098
0.1242661 0.0606236
0.1183854 0.0594017
0.1126303 0.0581460
0.1070026 0.0568583
0.1015041 0.0555406
0.0961365 0.0541948
0.0909015 0.0528226
0.0858008 0.0514260
0.0808358 0.0500070
0.0760081 0.0485673
0.0713190 0.0471088
0.0667700 0.0456334
0.0623624 0.0441430
0.0580974 0.0426392
0.0539763 0.0411241
0.0500001 0.0395992
0.0461699 0.0380663
0.0424867 0.0365272
0.0389516 0.0349835
0.0355654 0.0334368
0.0323288 0.0318887
0.0292428 0.0303408
0.0263081 0.0287946
0.0235252 0.0272514
0.0208949 0.0257128
0.0184176 0.0241799
0.0160939 0.0226542
0.0139242 0.0211368
0.0119089 0.0196288
0.0100483 0.0181315
0.0083428 0.0166457
0.0067925 0.0151725
0.0053977 0.0137128
0.0041583 0.0122674
0.0030747 0.0108369
0.0021466 0.0094222
0.0013742 0.0080238
0.0007574 0.0066422
0.0002959 0.0052779
-0.0000103 0.0039313
-0.0001615 0.0026026
-0.0001580 0.0012922
0.0000000 0.0000000
0.0003103 -0.0012643
0.0007707 -0.0024911
0.0013808 -0.0036805
0.0021400 -0.0048326
0.0030480 -0.0059475
0.0041039 -0.0070252
0.0053072 -0.0080659
0.0066573 -0.0090697
0.0081533 -0.0100370
0.0097946 -0.0109679
0.0115803 -0.0118627
0.0135096 -0.0127216
0.0155816 -0.0135452
0.0177954 -0.0143336
0.0201500 -0.0150873
0.0226444 -0.0158067
0.0252776 -0.0164923
0.0280486 -0.0171445
0.0309562 -0.0177639
0.0339993 -0.0183510
0.0371767 -0.0189063
0.0404873 -0.0194305
0.0439298 -0.0199242
0.0475029 -0.0203880
0.0512055 -0.0208227
0.0550361 -0.0212289
0.0589934 -0.0216075
0.0630761 -0.0219590
0.0672829 -0.0222844
0.0716122 -0.0225845
0.0760627 -0.0228601
0.0806329 -0.0231121
0.0853214 -0.0233414
0.0901266 -0.0235489
0.0950472 -0.0237356
0.1000815 -0.0239025
0.1052280 -0.0240504
0.1104851 -0.0241806
0.1158514 -0.0242940
0.1213252 -0.0243916
0.1269050 -0.0244746
0.1325890 -0.0245441
0.1383758 -0.0246012
0.1442636 -0.0246470
0.1502509 -0.0246827
0.1563359 -0.0247096
0.1625171 -0.0247287
0.1687926 -0.0247413
0.1751609 -0.0247486
0.1816202 -0.0247519
0.1881689 -0.0247524
0.1948051 -0.0247514
0.2015272 -0.0247500
0.2083334 -0.0247497
0.2152219 -0.0247516
0.2221910 -0.0247571
0.2292389 -0.0247674
0.2363639 -0.0247838
0.2435640 -0.0248076
0.2508374 -0.0248401
0.2581824 -0.0248825
0.2655971 -0.0249362
0.2730795 -0.0250023
0.2807875 -0.0250736
0.2886259 -0.0251273
0.2965283 -0.0251625
0.3044924 -0.0251795
0.3125158 -0.0251787
0.3205961 -0.0251607
0.3287309 -0.0251257
0.3369178 -0.0250743
0.3451544 -0.0250070
0.3534382 -0.0249241
0.3617667 -0.0248262
0.3701375 -0.0247138
0.3785480 -0.0245873
0.3869957 -0.0244472
0.3954781 -0.0242941
0.4039927 -0.0241284
0.4125370 -0.0239506
0.4211083 -0.0237613
0.4297041 -0.0235609
0.4383218 -0.0233500
0.4469589 -0.0231290
0.4556127 -0.0228984
0.4642807 -0.0226588
0.4729602 -0.0224105
0.4816486 -0.0221542
0.4903434 -0.0218903
0.4990418 -0.0216192
0.5077413 -0.0213415
0.5164393 -0.0210575
0.5251331 -0.0207677
0.5338202 -0.0204726
0.5424977 -0.0201726
0.5511633 -0.0198680
0.5598142 -0.0195594
0.5684477 -0.0192471
0.5770614 -0.0189314
0.5856525 -0.0186129
0.5942186 -0.0182917
0.6027568 -0.0179683
0.6112648 -0.0176430
0.6197398 -0.0173161
0.6281794 -0.0169880
0.6365808 -0.0166590
0.6449417 -0.0163292
0.6532594 -0.0159991
0.6615313 -0.0156689
0.6697550 -0.0153388
0.6779279 -0.0150091
0.6860476 -0.0146800
0.6941115 -0.0143517
0.7021172 -0.0140245
0.7100623 -0.0136985
0.7179442 -0.0133740
0.7257606 -0.0130511
0.7335091 -0.0127300
0.7411873 -0.0124109
0.7487927 -0.0120939
0.7563232 -0.0117792
0.7637764 -0.0114669
0.7711499 -0.0111572
0.7784415 -0.0108502
0.7856490 -0.0105461
0.7927700 -0.0102448
0.7998025 -0.0099467
0.8067443 -0.0096517
0.8135931 -0.0093600
0.8203469 -0.0090717
0.8270036 -0.0087869
0.8335611 -0.0085057
0.8400173 -0.0082281
0.8463704 -0.0079544
0.8526182 -0.0076846
0.8587589 -0.0074188
0.8647905 -0.0071570
0.8707112 -0.0068995
0.8765191 -0.0066462
0.8822124 -0.0063972
0.8877893 -0.0061527
0.8932481 -0.0059128
0.8985871 -0.0056774
0.9038045 -0.0054469
0.9088988 -0.0052211
0.9138684 -0.0050002
0.9187117 -0.0047844
0.9234272 -0.0045737
0.9280134 -0.0043681
0.9324688 -0.0041679
0.9367921 -0.0039731
0.9409819 -0.0037837
0.9450368 -0.0035999
0.9489557 -0.0034218
0.9527371 -0.0032495
0.9563801 -0.0030830
0.9598834 -0.0029225
0.9632458 -0.0027681
0.9664664 -0.0026197
0.9695441 -0.0024776
0.9724779 -0.0023418
0.9752670 -0.0022124
0.9779103 -0.0020895
0.9804072 -0.0019732
0.9827567 -0.0018635
0.9849582 -0.0017605
0.9870109 -0.0016642
0.9889142 -0.0015749
0.9906674 -0.0014924
0.9922701 -0.0014169
0.9937217 -0.0013484
0.9950218 -0.0012870
0.9961698 -0.0012327
0.9971656 -0.0011856
0.9980087 -0.0011456
0.9986988 -0.0011129
0.9992359 -0.0010874
0.9996196 -0.0010692
0.9998499 -0.0010583
0.9999266 -0.0010546
