AIRFOIL_LNY
1.0002809 0.0018093
1.0002071 0.0018365
0.9999857 0.0019179
0.9996167 0.0020537
0.9991003 0.0022435
0.9984366 0.0024872
0.9976256 0.0027847
0.9966677 0.0031356
0.9955630 0.0035395
0.9943118 0.0039961
0.9929144 0.0045050
0.9913711 0.0050656
0.9896824 0.0056775
0.9878485 0.0063401
0.9858699 0.0070527
0.9837472 0.0078146
0.9814807 0.0086253
0.9790711 0.0094838
0.9765190 0.0103894
0.9738250 0.0113413
0.9709896 0.0123386
0.9680137 0.0133803
0.9648979 0.0144656
0.9616431 0.0155934
0.9582499 0.0167626
0.9547194 0.0179723
0.9510522 0.0192214
0.9472495 0.0205086
0.9433120 0.0218330
0.9392409 0.0231932
0.9350371 0.0245881
0.9307017 0.0260165
0.9262358 0.0274771
0.9216407 0.0289687
0.9169174 0.0304899
0.9120671 0.0320394
0.9070913 0.0336159
0.9019911 0.0352181
0.8967678 0.0368446
0.8914230 0.0384940
0.8859580 0.0401649
0.8803742 0.0418560
0.8746732 0.0435658
0.8688564 0.0452929
0.8629255 0.0470359
0.8568821 0.0487934
0.8507278 0.0505639
0.8444643 0.0523459
0.8380933 0.0541381
0.8316165 0.0559390
0.8250359 0.0577472
0.8183531 0.0595611
0.8115702 0.0613794
0.8046888 0.0632005
0.7977111 0.0650231
0.7906390 0.0668458
0.7834745 0.0686669
0.7762196 0.0704852
0.7688764 0.0722992
0.7614471 0.0741075
0.7539337 0.0759085
0.7463384 0.0777010
0.7386635 0.0794835
0.7309112 0.0812546
0.7230837 0.0830129
0.7151834 0.0847570
0.7072125 0.0864856
0.6991735 0.0881972
0.6910687 0.0898904
0.6829006 0.0915641
0.6746715 0.0932167
0.6663841 0.0948470
0.6580406 0.0964536
0.6496438 0.0980353
0.6411961 0.0995907
0.6327001 0.1011185
0.6241584 0.1026175
0.6155736 0.1040865
0.6069484 0.1055241
0.5982854 0.1069292
0.5895874 0.1083006
0.5808570 0.1096370
0.5720970 0.1109373
0.5633101 0.1122004
0.5544991 0.1134250
0.5456668 0.1146101
0.5368160 0.1157547
0.5279494 0.1168575
0.5190700 0.1179176
0.5101805 0.1189340
0.5012839 0.1199057
0.4923829 0.1208316
0.4834806 0.1217110
0.4745797 0.1225427
0.4656833 0.1233261
0.4567941 0.1240601
0.4479151 0.1247441
0.4390393 0.1253771
0.4300663 0.1259507
0.4211110 0.1264582
0.4121764 0.1268992
0.4032657 0.1272732
0.3943820 0.1275797
0.3855286 0.1278183
0.3767084 0.1279887
0.3679248 0.1280905
0.3591808 0.1281237
0.3504795 0.1280880
0.3418241 0.1279834
0.3332178 0.1278099
0.3246635 0.1275675
0.3161644 0.1272563
0.3077236 0.1268765
0.2993442 0.1264284
0.2910291 0.1259122
0.2827815 0.1253285
0.2746042 0.1246775
0.2665004 0.1239599
0.2584728 0.1231762
0.2505245 0.1223270
0.2426583 0.1214132
0.2348770 0.1204354
0.2271836 0.1193946
0.2195807 0.1182916
0.2120710 0.1171273
0.2046574 0.1159030
0.1973423 0.1146195
0.1901285 0.1132781
0.1830185 0.1118799
0.1760147 0.1104263
0.1691197 0.1089186
0.1623358 0.1073581
0.1556655 0.1057461
0.1491109 0.1040843
0.1426744 0.1023740
0.1363581 0.1006169
0.1301642 0.0988144
0.1240947 0.0969683
0.1181516 0.0950801
0.1123369 0.0931516
0.1066524 0.0911844
0.1011000 0.0891802
0.0956815 0.0871409
0.0903985 0.0850682
0.0852526 0.0829638
0.0802455 0.0808296
0.0753787 0.0786673
0.0706535 0.0764788
0.0660714 0.0742658
0.0616336 0.0720302
0.0573415 0.0697737
0.0531962 0.0674981
0.0491988 0.0652051
0.0453504 0.0628966
0.0416520 0.0605742
0.0381045 0.0582396
0.0347088 0.0558945
0.0314658 0.0535406
0.0283760 0.0511794
0.0254403 0.0488125
0.0226593 0.0464414
0.0200335 0.0440676
0.0175635 0.0416926
0.0152497 0.0393176
0.0130925 0.0369441
0.0110923 0.0345733
0.0092493 0.0322064
0.0075639 0.0298446
0.0060361 0.0274889
0.0046662 0.0251404
0.0034541 0.0228000
0.0024000 0.0204686
0.0015038 0.0181470
0.0007654 0.0158359
0.0001847 0.0135361
-0.0002384 0.0112480
-0.0005042 0.0089723
-0.0006129 0.0067093
-0.0005649 0.0044594
-0.0003604 0.0022229
0.0000000 0.0000000
0.0005127 -0.0021928
0.0011741 -0.0043390
0.0019834 -0.0064385
0.0029402 -0.0084912
0.0040437 -0.0104971
0.0052934 -0.0124560
0.0066885 -0.0143679
0.0082282 -0.0162328
0.0099117 -0.0180506
0.0117381 -0.0198212
0.0137067 -0.0215446
0.0158163 -0.0232206
0.0180661 -0.0248494
0.0204549 -0.0264307
0.0229819 -0.0279647
0.0256458 -0.0294512
0.0284456 -0.0308902
0.0313800 -0.0322818
0.0344479 -0.0336260
0.0376481 -0.0349227
0.0409793 -0.0361720
0.0444401 -0.0373739
0.0480294 -0.0385285
0.0517457 -0.0396359
0.0555877 -0.0406961
0.0595539 -0.0417092
0.0636430 -0.0426755
0.0678536 -0.0435949
0.0721841 -0.0444678
0.0766331 -0.0452942
0.0811991 -0.0460745
0.0858805 -0.0468088
0.0906760 -0.0474974
0.0955838 -0.0481406
0.1006024 -0.0487387
0.1057304 -0.0492921
0.1109660 -0.0498012
0.1163078 -0.0502663
0.1217540 -0.0506880
0.1273032 -0.0510666
0.1329536 -0.0514028
0.1387036 -0.0516970
0.1445516 -0.0519498
0.1504960 -0.0521618
0.1565351 -0.0523336
0.1626672 -0.0524660
0.1688907 -0.0525597
0.1752039 -0.0526153
0.1816051 -0.0526337
0.1880927 -0.0526156
0.1946649 -0.0525620
0.2013201 -0.0524736
0.2080565 -0.0523514
0.2148724 -0.0521964
0.2217662 -0.0520094
0.2287361 -0.0517915
0.2357803 -0.0515437
0.2428972 -0.0512670
0.2500849 -0.0509626
0.2573417 -0.0506315
0.2646659 -0.0502748
0.2720556 -0.0498937
0.2795091 -0.0494894
0.2870246 -0.0490630
0.2946003 -0.0486157
0.3022342 -0.0481487
0.3099247 -0.0476633
0.3176698 -0.0471607
0.3254676 -0.0466421
0.3333164 -0.0461088
0.3412141 -0.0455620
0.3491589 -0.0450029
0.3571488 -0.0444329
0.3651819 -0.0438532
0.3732562 -0.0432649
0.3813697 -0.0426694
0.3895204 -0.0420679
0.3977063 -0.0414616
0.4059253 -0.0408517
0.4141755 -0.0402393
0.4224546 -0.0396257
0.4307606 -0.0390120
0.4390913 -0.0383994
0.4475564 -0.0377837
0.4560502 -0.0371589
0.4645602 -0.0365262
0.4730843 -0.0358862
0.4816199 -0.0352401
0.4901647 -0.0345887
0.4987161 -0.0339330
0.5072719 -0.0332737
0.5158295 -0.0326118
0.5243866 -0.0319481
0.5329405 -0.0312834
0.5414889 -0.0306184
0.5500293 -0.0299540
0.5585592 -0.0292907
0.5670761 -0.0286295
0.5755774 -0.0279708
0.5840608 -0.0273153
0.5925236 -0.0266637
0.6009633 -0.0260165
0.6093775 -0.0253743
0.6177635 -0.0247375
0.6261190 -0.0241067
0.6344413 -0.0234824
0.6427279 -0.0228648
0.6509764 -0.0222545
0.6591841 -0.0216518
0.6673486 -0.0210571
0.6754674 -0.0204706
0.6835379 -0.0198926
0.6915576 -0.0193235
0.6995241 -0.0187633
0.7074349 -0.0182124
0.7152874 -0.0176709
0.7230793 -0.0171390
0.7308080 -0.0166167
0.7384712 -0.0161043
0.7460663 -0.0156018
0.7535910 -0.0151092
0.7610428 -0.0146267
0.7684194 -0.0141543
0.7757184 -0.0136919
0.7829374 -0.0132396
0.7900741 -0.0127974
0.7971262 -0.0123653
0.8040913 -0.0119432
0.8109673 -0.0115310
0.8177517 -0.0111288
0.8244425 -0.0107364
0.8310373 -0.0103538
0.8375341 -0.0099809
0.8439306 -0.0096176
0.8502247 -0.0092639
0.8564143 -0.0089195
0.8624973 -0.0085845
0.8684717 -0.0082587
0.8743354 -0.0079421
0.8800865 -0.0076344
0.8857229 -0.0073357
0.8912429 -0.0070458
0.8966445 -0.0067646
0.9019257 -0.0064920
0.9070849 -0.0062279
0.9121202 -0.0059722
0.9170299 -0.0057248
0.9218123 -0.0054856
0.9264656 -0.0052546
0.9309883 -0.0050316
0.9353788 -0.0048165
0.9396356 -0.0046093
0.9437571 -0.0044100
0.9477418 -0.0042183
0.9515884 -0.0040344
0.9552955 -0.0038580
0.9588618 -0.0036892
0.9622859 -0.0035279
0.9655667 -0.0033741
0.9687030 -0.0032276
0.9716936 -0.0030885
0.9745375 -0.0029567
0.9772336 -0.0028322
0.9797810 -0.0027149
0.9821787 -0.0026049
0.9844258 -0.0025021
0.9865216 -0.0024064
0.9884652 -0.0023179
0.9902560 -0.0022365
0.9918933 -0.0021623
0.9933765 -0.0020952
0.9947051 -0.0020351
0.9958784 -0.0019822
0.9968963 -0.0019363
0.9977581 -0.0018975
0.9984637 -0.0018657
0.9990128 -0.0018410
0.9994051 -0.0018234
0.9996406 -0.0018128
0.9997191 -0.0018093
