AIRFOIL_LNY
1.0004081 0.0015194
1.0003354 0.0015527
1.0001171 0.0016528
0.9997534 0.0018194
0.9992443 0.0020523
0.9985899 0.0023514
0.9977903 0.0027163
0.9968457 0.0031466
0.9957562 0.0036418
0.9945221 0.0042014
0.9931436 0.0048248
0.9916209 0.0055112
0.9899544 0.0062599
0.9881443 0.0070702
0.9861911 0.0079410
0.9840950 0.0088715
0.9818566 0.0098607
0.9794761 0.0109074
0.9769542 0.0120106
0.9742912 0.0131690
0.9714878 0.0143813
0.9685445 0.0156463
0.9654619 0.0169625
0.9622406 0.0183286
0.9588812 0.0197430
0.9553846 0.0212043
0.9517513 0.0227109
0.9479822 0.0242611
0.9440781 0.0258532
0.9400398 0.0274856
0.9358681 0.0291565
0.9315640 0.0308642
0.9271284 0.0326067
0.9225623 0.0343823
0.9178668 0.0361890
0.9130427 0.0380249
0.9080914 0.0398881
0.9030138 0.0417765
0.8978112 0.0436883
0.8924847 0.0456213
0.8870357 0.0475735
0.8814654 0.0495428
0.8757751 0.0515273
0.8699662 0.0535247
0.8640401 0.0555330
0.8579982 0.0575500
0.8518421 0.0595737
0.8455733 0.0616019
0.8391933 0.0636325
0.8327037 0.0656633
0.8261063 0.0676922
0.8194026 0.0697171
0.8125945 0.0717359
0.8056838 0.0737463
0.7986721 0.0757464
0.7915614 0.0777340
0.7843537 0.0797069
0.7770507 0.0816632
0.7696546 0.0836007
0.7621673 0.0855174
0.7545909 0.0874112
0.7469275 0.0892801
0.7391793 0.0911222
0.7313484 0.0929354
0.7234371 0.0947179
0.7154476 0.0964675
0.7073823 0.0981826
0.6992435 0.0998611
0.6910336 0.1015013
0.6827549 0.1031014
0.6744101 0.1046594
0.6660015 0.1061739
0.6575318 0.1076429
0.6490035 0.1090648
0.6404192 0.1104381
0.6317816 0.1117611
0.6230933 0.1130323
0.6143572 0.1142501
0.6055760 0.1154132
0.5967524 0.1165200
0.5878893 0.1175693
0.5789895 0.1185596
0.5700561 0.1194899
0.5610918 0.1203587
0.5521599 0.1211673
0.5432638 0.1219279
0.5343490 0.1226417
0.5254184 0.1233078
0.5164749 0.1239253
0.5075214 0.1244934
0.4985608 0.1250114
0.4895961 0.1254784
0.4806302 0.1258939
0.4716662 0.1262571
0.4627071 0.1265673
0.4537557 0.1268241
0.4448152 0.1270269
0.4358886 0.1271751
0.4269788 0.1272684
0.4180889 0.1273064
0.4092220 0.1272886
0.4003810 0.1272149
0.3915689 0.1270848
0.3827889 0.1268983
0.3740439 0.1266552
0.3653370 0.1263554
0.3566711 0.1259987
0.3480493 0.1255853
0.3394746 0.1251152
0.3309499 0.1245885
0.3224782 0.1240053
0.3140625 0.1233659
0.3057057 0.1226705
0.2974107 0.1219196
0.2891805 0.1211134
0.2810178 0.1202524
0.2729256 0.1193371
0.2649067 0.1183680
0.2569639 0.1173459
0.2490999 0.1162712
0.2413176 0.1151448
0.2336195 0.1139674
0.2260084 0.1127398
0.2184870 0.1114629
0.2110578 0.1101377
0.2037233 0.1087650
0.1964862 0.1073460
0.1893488 0.1058817
0.1823137 0.1043732
0.1753832 0.1028216
0.1685597 0.1012283
0.1618454 0.0995943
0.1552426 0.0979211
0.1487536 0.0962099
0.1423805 0.0944621
0.1361253 0.0926791
0.1299902 0.0908623
0.1239770 0.0890132
0.1180879 0.0871332
0.1123246 0.0852238
0.1066889 0.0832866
0.1011827 0.0813231
0.0958077 0.0793349
0.0905656 0.0773236
0.0854578 0.0752906
0.0804861 0.0732377
0.0756518 0.0711663
0.0709565 0.0690782
0.0664014 0.0669749
0.0619879 0.0648579
0.0577173 0.0627289
0.0535908 0.0605895
0.0496094 0.0584411
0.0457744 0.0562854
0.0420867 0.0541239
0.0385472 0.0519580
0.0351570 0.0497892
0.0319169 0.0476190
0.0288276 0.0454488
0.0258900 0.0432800
0.0231047 0.0411139
0.0204724 0.0389518
0.0179936 0.0367949
0.0156689 0.0346446
0.0134988 0.0325019
0.0114837 0.0303680
0.0096240 0.0282440
0.0079200 0.0261308
0.0063720 0.0240294
0.0049803 0.0219408
0.0037449 0.0198657
0.0026661 0.0178049
0.0017439 0.0157592
0.0009784 0.0137292
0.0003696 0.0117155
-0.0000827 0.0097186
-0.0003784 0.0077390
-0.0005178 0.0057771
-0.0005010 0.0038331
-0.0003283 0.0019073
0.0000000 0.0000000
0.0004806 -0.0018748
0.0011102 -0.0037028
0.0018883 -0.0054841
0.0028144 -0.0072185
0.0038880 -0.0089060
0.0051085 -0.0105465
0.0064754 -0.0121400
0.0079880 -0.0136864
0.0096455 -0.0151857
0.0114473 -0.0166379
0.0133925 -0.0180428
0.0154804 -0.0194006
0.0177099 -0.0207111
0.0200803 -0.0219743
0.0225905 -0.0231903
0.0252395 -0.0243591
0.0280263 -0.0254806
0.0309499 -0.0265549
0.0340090 -0.0275821
0.0372027 -0.0285621
0.0405296 -0.0294951
0.0439885 -0.0303811
0.0475782 -0.0312203
0.0512975 -0.0320126
0.0551450 -0.0327583
0.0591193 -0.0334576
0.0632191 -0.0341104
0.0674430 -0.0347172
0.0717895 -0.0352780
0.0762573 -0.0357930
0.0808448 -0.0362626
0.0855505 -0.0366870
0.0903730 -0.0370665
0.0953106 -0.0374015
0.1003619 -0.0376922
0.1055252 -0.0379390
0.1107989 -0.0381425
0.1161815 -0.0383029
0.1216713 -0.0384207
0.1272666 -0.0384966
0.1329659 -0.0385308
0.1387673 -0.0385241
0.1446693 -0.0384770
0.1506700 -0.0383901
0.1567679 -0.0382641
0.1629612 -0.0380995
0.1692480 -0.0378972
0.1756267 -0.0376578
0.1820956 -0.0373822
0.1886527 -0.0370710
0.1952964 -0.0367252
0.2020248 -0.0363456
0.2088362 -0.0359330
0.2157286 -0.0354883
0.2227003 -0.0350125
0.2297493 -0.0345066
0.2368740 -0.0339715
0.2440723 -0.0334082
0.2513424 -0.0328177
0.2586824 -0.0322012
0.2660904 -0.0315595
0.2735645 -0.0308940
0.2811028 -0.0302055
0.2887032 -0.0294953
0.2963639 -0.0287645
0.3040829 -0.0280142
0.3118582 -0.0272456
0.3196877 -0.0264598
0.3275696 -0.0256580
0.3355017 -0.0248413
0.3434820 -0.0240110
0.3515084 -0.0231683
0.3595790 -0.0223142
0.3676915 -0.0214499
0.3758440 -0.0205767
0.3840342 -0.0196957
0.3922600 -0.0188080
0.4005194 -0.0179149
0.4088101 -0.0170173
0.4171299 -0.0161164
0.4254766 -0.0152134
0.4338481 -0.0143093
0.4422421 -0.0134052
0.4506563 -0.0125021
0.4590885 -0.0116011
0.4675365 -0.0107031
0.4759978 -0.0098091
0.4844703 -0.0089201
0.4929515 -0.0080369
0.5014392 -0.0071605
0.5099310 -0.0062917
0.5184246 -0.0054314
0.5269175 -0.0045803
0.5354074 -0.0037392
0.5438919 -0.0029087
0.5523686 -0.0020897
0.5607775 -0.0012847
0.5691170 -0.0005059
0.5774449 0.0002441
0.5857589 0.0009649
0.5940566 0.0016560
0.6023357 0.0023172
0.6105938 0.0029481
0.6188285 0.0035485
0.6270375 0.0041182
0.6352182 0.0046571
0.6433682 0.0051651
0.6514852 0.0056423
0.6595666 0.0060887
0.6676100 0.0065043
0.6756130 0.0068894
0.6835730 0.0072441
0.6914876 0.0075686
0.6993543 0.0078633
0.7071706 0.0081285
0.7149340 0.0083646
0.7226421 0.0085721
0.7302923 0.0087513
0.7378821 0.0089029
0.7454091 0.0090275
0.7528708 0.0091255
0.7602647 0.0091977
0.7675883 0.0092447
0.7748392 0.0092672
0.7820150 0.0092660
0.7891131 0.0092419
0.7961313 0.0091955
0.8030669 0.0091279
0.8099177 0.0090398
0.8166813 0.0089321
0.8233553 0.0088056
0.8299373 0.0086613
0.8364251 0.0085002
0.8428163 0.0083231
0.8491086 0.0081310
0.8552997 0.0079249
0.8613875 0.0077057
0.8673698 0.0074744
0.8732442 0.0072320
0.8790087 0.0069795
0.8846612 0.0067179
0.8901996 0.0064481
0.8956217 0.0061711
0.9009256 0.0058879
0.9061093 0.0055995
0.9111708 0.0053068
0.9161082 0.0050108
0.9209197 0.0047124
0.9256033 0.0044126
0.9301573 0.0041122
0.9345799 0.0038122
0.9388695 0.0035135
0.9430243 0.0032168
0.9470427 0.0029231
0.9509232 0.0026332
0.9546642 0.0023478
0.9582643 0.0020678
0.9617220 0.0017939
0.9650359 0.0015268
0.9682048 0.0012673
0.9712273 0.0010160
0.9741023 0.0007735
0.9768286 0.0005406
0.9794051 0.0003177
0.9818308 0.0001054
0.9841046 -0.0000956
0.9862257 -0.0002851
0.9881932 -0.0004624
0.9900063 -0.0006271
0.9916642 -0.0007788
0.9931662 -0.0009173
0.9945119 -0.0010420
0.9957005 -0.0011528
0.9967316 -0.0012494
0.9976048 -0.0013315
0.9983198 -0.0013989
0.9988761 -0.0014515
0.9992737 -0.0014892
0.9995123 -0.0015118
0.9995919 -0.0015194
