AIRFOIL_LNY
1.0001173 0.0010038
1.0000421 0.0010212
0.9998166 0.0010734
0.9994409 0.0011604
0.9989150 0.0012820
0.9982391 0.0014382
0.9974133 0.0016289
0.9964380 0.0018538
0.9953134 0.0021127
0.9940398 0.0024055
0.9926176 0.0027318
0.9910471 0.0030915
0.9893289 0.0034840
0.9874633 0.0039092
0.9854510 0.0043666
0.9832924 0.0048559
0.9809883 0.0053765
0.9785391 0.0059281
0.9759458 0.0065102
0.9732089 0.0071222
0.9703292 0.0077636
0.9673076 0.0084339
0.9641450 0.0091325
0.9608421 0.0098589
0.9574001 0.0106123
0.9538198 0.0113921
0.9501022 0.0121978
0.9462485 0.0130285
0.9422597 0.0138837
0.9381371 0.0147626
0.9338816 0.0156645
0.9294947 0.0165887
0.9249775 0.0175343
0.9203314 0.0185007
0.9155576 0.0194870
0.9106577 0.0204924
0.9056329 0.0215162
0.9004848 0.0225576
0.8952148 0.0236156
0.8898245 0.0246896
0.8843154 0.0257786
0.8786892 0.0268818
0.8729475 0.0279983
0.8670920 0.0291274
0.8611243 0.0302681
0.8550463 0.0314195
0.8488597 0.0325809
0.8425663 0.0337513
0.8361680 0.0349298
0.8296667 0.0361157
0.8230642 0.0373079
0.8163627 0.0385057
0.8095639 0.0397081
0.8026700 0.0409143
0.7956829 0.0421233
0.7886048 0.0433344
0.7814378 0.0445467
0.7741840 0.0457592
0.7668455 0.0469712
0.7594246 0.0481816
0.7519234 0.0493898
0.7443442 0.0505948
0.7366893 0.0517957
0.7289610 0.0529917
0.7211616 0.0541820
0.7132933 0.0553658
0.7053587 0.0565421
0.6973601 0.0577101
0.6892999 0.0588691
0.6811805 0.0600182
0.6730043 0.0611565
0.6647740 0.0622833
0.6564919 0.0633978
0.6481605 0.0644992
0.6397824 0.0655866
0.6313602 0.0666594
0.6228964 0.0677167
0.6143935 0.0687578
0.6058542 0.0697818
0.5972811 0.0707882
0.5886767 0.0717761
0.5800438 0.0727448
0.5713850 0.0736935
0.5627029 0.0746217
0.5540001 0.0755285
0.5452795 0.0764134
0.5365435 0.0772756
0.5277951 0.0781145
0.5190367 0.0789294
0.5102712 0.0797197
0.5015013 0.0804849
0.4927296 0.0812242
0.4839589 0.0819371
0.4751919 0.0826231
0.4664313 0.0832816
0.4576799 0.0839120
0.4489403 0.0845139
0.4402154 0.0850868
0.4315077 0.0856301
0.4228201 0.0861435
0.4141553 0.0866265
0.4055159 0.0870787
0.3969046 0.0874997
0.3883243 0.0878892
0.3797775 0.0882467
0.3712669 0.0885720
0.3627953 0.0888649
0.3543652 0.0891250
0.3459794 0.0893521
0.3376404 0.0895460
0.3293509 0.0897065
0.3211136 0.0898334
0.3129309 0.0899267
0.3048056 0.0899863
0.2967401 0.0900120
0.2887370 0.0900038
0.2807140 0.0899600
0.2725118 0.0898410
0.2643839 0.0896323
0.2563333 0.0893355
0.2483632 0.0889525
0.2404767 0.0884850
0.2326766 0.0879351
0.2249660 0.0873047
0.2173478 0.0865959
0.2098249 0.0858110
0.2024000 0.0849522
0.1950759 0.0840218
0.1878554 0.0830222
0.1807411 0.0819559
0.1737355 0.0808254
0.1668413 0.0796333
0.1600608 0.0783820
0.1533966 0.0770744
0.1468508 0.0757131
0.1404259 0.0743009
0.1341240 0.0728404
0.1279472 0.0713344
0.1218977 0.0697859
0.1159774 0.0681975
0.1101883 0.0665721
0.1045322 0.0649125
0.0990110 0.0632216
0.0936263 0.0615021
0.0883798 0.0597570
0.0832731 0.0579889
0.0783076 0.0562007
0.0734850 0.0543952
0.0688064 0.0525750
0.0642733 0.0507429
0.0598868 0.0489016
0.0556482 0.0470535
0.0515585 0.0452015
0.0476187 0.0433478
0.0438298 0.0414951
0.0401928 0.0396458
0.0367084 0.0378021
0.0333774 0.0359665
0.0302006 0.0341411
0.0271785 0.0323280
0.0243119 0.0305294
0.0216011 0.0287472
0.0190466 0.0269833
0.0166489 0.0252397
0.0144084 0.0235180
0.0123252 0.0218198
0.0103997 0.0201468
0.0086320 0.0185003
0.0070222 0.0168819
0.0055705 0.0152926
0.0042768 0.0137338
0.0031411 0.0122065
0.0021633 0.0107115
0.0013434 0.0092499
0.0006810 0.0078223
0.0001760 0.0064294
-0.0001719 0.0050717
-0.0003630 0.0037497
-0.0003978 0.0024636
-0.0002766 0.0012137
0.0000000 0.0000000
0.0004289 -0.0011685
0.0010070 -0.0022832
0.0017335 -0.0033442
0.0026078 -0.0043516
0.0036293 -0.0053059
0.0047971 -0.0062073
0.0061105 -0.0070562
0.0075686 -0.0078532
0.0091706 -0.0085988
0.0109155 -0.0092935
0.0128023 -0.0099380
0.0148302 -0.0105331
0.0169980 -0.0110794
0.0193046 -0.0115779
0.0217490 -0.0120293
0.0243299 -0.0124346
0.0270463 -0.0127949
0.0298969 -0.0131110
0.0328804 -0.0133842
0.0359955 -0.0136156
0.0392410 -0.0138063
0.0426155 -0.0139576
0.0461177 -0.0140708
0.0497461 -0.0141472
0.0534994 -0.0141881
0.0573761 -0.0141950
0.0613748 -0.0141693
0.0654939 -0.0141125
0.0697321 -0.0140261
0.0740878 -0.0139118
0.0785594 -0.0137711
0.0831455 -0.0136056
0.0878444 -0.0134170
0.0926548 -0.0132070
0.0975749 -0.0129774
0.1026032 -0.0127298
0.1077382 -0.0124661
0.1129783 -0.0121881
0.1183218 -0.0118976
0.1237673 -0.0115964
0.1293130 -0.0112864
0.1349575 -0.0109695
0.1406991 -0.0106476
0.1465362 -0.0103227
0.1524673 -0.0099966
0.1584908 -0.0096712
0.1646051 -0.0093486
0.1708085 -0.0090308
0.1770997 -0.0087195
0.1834769 -0.0084169
0.1899385 -0.0081249
0.1964831 -0.0078455
0.2031090 -0.0075805
0.2098148 -0.0073321
0.2165987 -0.0071022
0.2234593 -0.0068926
0.2303950 -0.0067055
0.2374041 -0.0065426
0.2444853 -0.0064059
0.2516368 -0.0062973
0.2588571 -0.0062187
0.2661446 -0.0061720
0.2734977 -0.0061589
0.2809148 -0.0061814
0.2886448 -0.0062267
0.2965233 -0.0062603
0.3044633 -0.0062811
0.3124625 -0.0062895
0.3205185 -0.0062860
0.3286289 -0.0062711
0.3367915 -0.0062454
0.3450037 -0.0062093
0.3532631 -0.0061635
0.3615674 -0.0061083
0.3699140 -0.0060444
0.3783006 -0.0059723
0.3867247 -0.0058925
0.3951837 -0.0058055
0.4036751 -0.0057119
0.4121966 -0.0056121
0.4207454 -0.0055067
0.4293192 -0.0053962
0.4379153 -0.0052811
0.4465312 -0.0051618
0.4551644 -0.0050389
0.4638122 -0.0049129
0.4724722 -0.0047841
0.4811416 -0.0046530
0.4898180 -0.0045201
0.4984987 -0.0043858
0.5071812 -0.0042505
0.5158628 -0.0041146
0.5245409 -0.0039785
0.5332129 -0.0038425
0.5418763 -0.0037070
0.5505283 -0.0035724
0.5591665 -0.0034389
0.5677881 -0.0033068
0.5763906 -0.0031765
0.5849714 -0.0030482
0.5935279 -0.0029221
0.6020575 -0.0027985
0.6105576 -0.0026776
0.6190255 -0.0025595
0.6274588 -0.0024446
0.6358549 -0.0023328
0.6442112 -0.0022244
0.6525251 -0.0021196
0.6607942 -0.0020183
0.6690158 -0.0019208
0.6771875 -0.0018270
0.6853067 -0.0017371
0.6933710 -0.0016512
0.7013779 -0.0015691
0.7093249 -0.0014910
0.7172096 -0.0014169
0.7250295 -0.0013468
0.7327822 -0.0012806
0.7404654 -0.0012183
0.7480766 -0.0011599
0.7556135 -0.0011053
0.7630738 -0.0010545
0.7704551 -0.0010074
0.7777551 -0.0009640
0.7849716 -0.0009241
0.7921023 -0.0008876
0.7991451 -0.0008545
0.8060976 -0.0008246
0.8129577 -0.0007979
0.8197234 -0.0007742
0.8263924 -0.0007534
0.8329626 -0.0007354
0.8394321 -0.0007201
0.8457987 -0.0007073
0.8520605 -0.0006969
0.8582155 -0.0006888
0.8642617 -0.0006829
0.8701973 -0.0006789
0.8760204 -0.0006769
0.8817290 -0.0006766
0.8873215 -0.0006780
0.8927959 -0.0006809
0.8981507 -0.0006852
0.9033841 -0.0006908
0.9084944 -0.0006975
0.9134799 -0.0007052
0.9183392 -0.0007139
0.9230706 -0.0007234
0.9276726 -0.0007336
0.9321438 -0.0007444
0.9364827 -0.0007558
0.9406878 -0.0007675
0.9447580 -0.0007796
0.9486918 -0.0007919
0.9524880 -0.0008044
0.9561454 -0.0008170
0.9596627 -0.0008295
0.9630389 -0.0008420
0.9662728 -0.0008544
0.9693634 -0.0008666
0.9723097 -0.0008785
0.9751108 -0.0008901
0.9777656 -0.0009013
0.9802734 -0.0009122
0.9826334 -0.0009226
0.9848448 -0.0009325
0.9869067 -0.0009419
0.9888187 -0.0009507
0.9905800 -0.0009589
0.9921901 -0.0009665
0.9936485 -0.0009734
0.9949546 -0.0009797
0.9961081 -0.0009853
0.9971086 -0.0009901
0.9979556 -0.0009943
0.9986491 -0.0009977
0.9991887 -0.0010003
0.9995742 -0.0010023
0.9998056 -0.0010034
0.9998827 -0.0010038
