AIRFOIL_LNY
1.0002974 0.0017420
1.0002237 0.0017698
1.0000027 0.0018531
0.9996344 0.0019919
0.9991189 0.0021859
0.9984563 0.0024351
0.9976467 0.0027391
0.9966904 0.0030977
0.9955876 0.0035104
0.9943384 0.0039769
0.9929432 0.0044966
0.9914022 0.0050691
0.9897159 0.0056937
0.9878846 0.0063699
0.9859088 0.0070969
0.9837888 0.0078740
0.9815251 0.0087005
0.9791184 0.0095754
0.9765690 0.0104979
0.9738777 0.0114671
0.9710450 0.0124820
0.9680716 0.0135416
0.9649581 0.0146449
0.9617054 0.0157907
0.9583142 0.0169780
0.9547852 0.0182055
0.9511194 0.0194720
0.9473176 0.0207764
0.9433807 0.0221173
0.9393097 0.0234934
0.9351055 0.0249035
0.9307692 0.0263461
0.9263019 0.0278199
0.9217047 0.0293235
0.9169787 0.0308554
0.9121250 0.0324142
0.9071450 0.0339984
0.9020398 0.0356065
0.8968109 0.0372371
0.8914594 0.0388885
0.8859868 0.0405593
0.8803946 0.0422479
0.8746840 0.0439527
0.8688568 0.0456723
0.8629143 0.0474049
0.8568582 0.0491491
0.8506901 0.0509032
0.8444116 0.0526656
0.8380244 0.0544348
0.8315302 0.0562092
0.8249308 0.0579871
0.8182280 0.0597669
0.8114237 0.0615471
0.8045197 0.0633261
0.7975179 0.0651023
0.7904203 0.0668741
0.7832289 0.0686398
0.7759456 0.0703981
0.7685727 0.0721471
0.7611121 0.0738855
0.7535659 0.0756117
0.7459364 0.0773241
0.7382258 0.0790212
0.7304362 0.0807015
0.7225701 0.0823634
0.7146295 0.0840056
0.7066170 0.0856264
0.6985348 0.0872245
0.6903853 0.0887983
0.6821711 0.0903466
0.6738945 0.0918677
0.6655580 0.0933604
0.6571642 0.0948232
0.6487157 0.0962549
0.6402149 0.0976540
0.6316645 0.0990192
0.6230671 0.1003492
0.6144255 0.1016428
0.6057422 0.1028986
0.5970201 0.1041155
0.5882618 0.1052922
0.5794700 0.1064276
0.5706477 0.1075205
0.5617976 0.1085697
0.5529225 0.1095742
0.5440253 0.1105329
0.5351089 0.1114447
0.5261761 0.1123087
0.5172709 0.1131263
0.5083578 0.1138995
0.4994380 0.1146274
0.4905144 0.1153091
0.4815900 0.1159438
0.4726677 0.1165307
0.4637504 0.1170690
0.4548410 0.1175579
0.4459425 0.1179968
0.4370578 0.1183849
0.4281900 0.1187217
0.4193419 0.1190066
0.4105165 0.1192389
0.4017168 0.1194183
0.3929457 0.1195441
0.3842062 0.1196160
0.3755012 0.1196336
0.3668338 0.1195965
0.3582068 0.1195045
0.3496231 0.1193573
0.3410858 0.1191547
0.3325976 0.1188965
0.3241616 0.1185826
0.3157805 0.1182130
0.3074573 0.1177877
0.2991948 0.1173067
0.2909959 0.1167702
0.2828633 0.1161782
0.2747999 0.1155310
0.2668083 0.1148289
0.2588915 0.1140721
0.2510520 0.1132610
0.2432925 0.1123961
0.2356158 0.1114778
0.2280244 0.1105066
0.2205209 0.1094832
0.2131078 0.1084080
0.2057878 0.1072820
0.1985633 0.1061056
0.1914366 0.1048799
0.1844103 0.1036054
0.1774867 0.1022833
0.1706680 0.1009143
0.1639566 0.0994994
0.1573547 0.0980397
0.1508646 0.0965362
0.1444882 0.0949900
0.1382277 0.0934022
0.1320851 0.0917741
0.1260625 0.0901067
0.1201618 0.0884014
0.1143848 0.0866594
0.1087333 0.0848820
0.1032093 0.0830705
0.0978143 0.0812263
0.0925501 0.0793507
0.0874182 0.0774451
0.0824204 0.0755108
0.0775579 0.0735494
0.0728324 0.0715622
0.0682452 0.0695506
0.0637976 0.0675160
0.0594909 0.0654599
0.0553265 0.0633837
0.0513053 0.0612888
0.0474287 0.0591766
0.0436975 0.0570485
0.0401130 0.0549059
0.0366759 0.0527500
0.0333872 0.0505824
0.0302478 0.0484042
0.0272584 0.0462167
0.0244198 0.0440213
0.0217327 0.0418191
0.0191977 0.0396114
0.0168154 0.0373992
0.0145863 0.0351837
0.0125110 0.0329659
0.0105898 0.0307469
0.0088230 0.0285277
0.0072112 0.0263091
0.0057544 0.0240921
0.0044530 0.0218774
0.0033072 0.0196658
0.0023170 0.0174581
0.0014826 0.0152549
0.0008039 0.0130568
0.0002811 0.0108643
-0.0000861 0.0086778
-0.0002976 0.0064979
-0.0003536 0.0043247
-0.0002543 0.0021587
0.0000000 0.0000000
0.0004066 -0.0021353
0.0009627 -0.0042310
0.0016680 -0.0062870
0.0025220 -0.0083033
0.0035242 -0.0102795
0.0046742 -0.0122157
0.0059713 -0.0141115
0.0074149 -0.0159669
0.0090045 -0.0177816
0.0107392 -0.0195555
0.0126184 -0.0212884
0.0146412 -0.0229800
0.0168069 -0.0246302
0.0191145 -0.0262387
0.0215632 -0.0278054
0.0241520 -0.0293300
0.0268798 -0.0308123
0.0297458 -0.0322522
0.0327487 -0.0336493
0.0358876 -0.0350036
0.0391612 -0.0363148
0.0425684 -0.0375827
0.0461079 -0.0388072
0.0497787 -0.0399880
0.0535793 -0.0411251
0.0575084 -0.0422182
0.0615648 -0.0432673
0.0657471 -0.0442722
0.0700538 -0.0452329
0.0744837 -0.0461492
0.0790351 -0.0470211
0.0837067 -0.0478485
0.0884970 -0.0486315
0.0934045 -0.0493701
0.0984276 -0.0500642
0.1035648 -0.0507140
0.1088144 -0.0513196
0.1141749 -0.0518810
0.1196448 -0.0523985
0.1252222 -0.0528721
0.1309057 -0.0533022
0.1366934 -0.0536889
0.1425838 -0.0540325
0.1485751 -0.0543334
0.1546655 -0.0545919
0.1608535 -0.0548083
0.1671371 -0.0549831
0.1735146 -0.0551168
0.1799843 -0.0552098
0.1865444 -0.0552627
0.1931930 -0.0552759
0.1999282 -0.0552501
0.2067484 -0.0551860
0.2136515 -0.0550841
0.2206358 -0.0549452
0.2276993 -0.0547699
0.2348401 -0.0545591
0.2420564 -0.0543136
0.2493462 -0.0540340
0.2567075 -0.0537214
0.2641384 -0.0533765
0.2716370 -0.0530002
0.2792012 -0.0525935
0.2868290 -0.0521574
0.2945185 -0.0516927
0.3022675 -0.0512005
0.3100741 -0.0506817
0.3179361 -0.0501375
0.3258516 -0.0495688
0.3338183 -0.0489766
0.3418342 -0.0483622
0.3498973 -0.0477264
0.3580052 -0.0470704
0.3661559 -0.0463953
0.3743472 -0.0457022
0.3825769 -0.0449921
0.3908428 -0.0442662
0.3991426 -0.0435255
0.4074742 -0.0427711
0.4158353 -0.0420042
0.4242237 -0.0412257
0.4326369 -0.0404367
0.4410728 -0.0396384
0.4495290 -0.0388316
0.4580033 -0.0380175
0.4664932 -0.0371971
0.4749963 -0.0363713
0.4835105 -0.0355411
0.4920332 -0.0347075
0.5005620 -0.0338714
0.5090946 -0.0330337
0.5176285 -0.0321953
0.5261599 -0.0313571
0.5346476 -0.0305224
0.5431304 -0.0296943
0.5516060 -0.0288737
0.5600717 -0.0280611
0.5685254 -0.0272574
0.5769644 -0.0264632
0.5853864 -0.0256790
0.5937889 -0.0249056
0.6021695 -0.0241433
0.6105256 -0.0233928
0.6188548 -0.0226545
0.6271546 -0.0219288
0.6354225 -0.0212162
0.6436560 -0.0205170
0.6518527 -0.0198315
0.6600101 -0.0191601
0.6681256 -0.0185029
0.6761969 -0.0178603
0.6842213 -0.0172324
0.6921964 -0.0166193
0.7001197 -0.0160213
0.7079888 -0.0154383
0.7158011 -0.0148704
0.7235543 -0.0143178
0.7312458 -0.0137804
0.7388732 -0.0132581
0.7464341 -0.0127509
0.7539260 -0.0122589
0.7613466 -0.0117818
0.7686934 -0.0113195
0.7759640 -0.0108720
0.7831561 -0.0104391
0.7902673 -0.0100205
0.7972953 -0.0096162
0.8042378 -0.0092258
0.8110924 -0.0088492
0.8178568 -0.0084862
0.8245288 -0.0081365
0.8311063 -0.0077998
0.8375868 -0.0074759
0.8439683 -0.0071645
0.8502486 -0.0068654
0.8564255 -0.0065782
0.8624969 -0.0063026
0.8684608 -0.0060384
0.8743150 -0.0057853
0.8800576 -0.0055429
0.8856866 -0.0053110
0.8911999 -0.0050892
0.8965957 -0.0048773
0.9018720 -0.0046749
0.9070270 -0.0044819
0.9120589 -0.0042978
0.9169659 -0.0041224
0.9217462 -0.0039554
0.9263981 -0.0037965
0.9309199 -0.0036456
0.9353100 -0.0035021
0.9395669 -0.0033661
0.9436889 -0.0032371
0.9476746 -0.0031150
0.9515226 -0.0029994
0.9552313 -0.0028902
0.9587995 -0.0027872
0.9622257 -0.0026902
0.9655089 -0.0025988
0.9686477 -0.0025130
0.9716409 -0.0024326
0.9744875 -0.0023573
0.9771864 -0.0022871
0.9797366 -0.0022217
0.9821370 -0.0021610
0.9843869 -0.0021049
0.9864854 -0.0020532
0.9884317 -0.0020058
0.9902249 -0.0019627
0.9918646 -0.0019236
0.9933500 -0.0018885
0.9946805 -0.0018574
0.9958557 -0.0018301
0.9968751 -0.0018065
0.9977384 -0.0017867
0.9984451 -0.0017706
0.9989951 -0.0017580
0.9993881 -0.0017491
0.9996240 -0.0017438
0.9997026 -0.0017420
