AIRFOIL_LNY
1.0002317 0.0009515
1.0001575 0.0009781
0.9999348 0.0010579
0.9995638 0.0011909
0.9990445 0.0013768
0.9983770 0.0016155
0.9975616 0.0019067
0.9965983 0.0022501
0.9954874 0.0026452
0.9942293 0.0030917
0.9928241 0.0035891
0.9912723 0.0041367
0.9895743 0.0047340
0.9877303 0.0053803
0.9857410 0.0060749
0.9836067 0.0068170
0.9813280 0.0076058
0.9789055 0.0084404
0.9763397 0.0093198
0.9736314 0.0102432
0.9707810 0.0112094
0.9677895 0.0122175
0.9646575 0.0132662
0.9613858 0.0143545
0.9579752 0.0154811
0.9544265 0.0166448
0.9507408 0.0178442
0.9469189 0.0190782
0.9429618 0.0203453
0.9388705 0.0216441
0.9346460 0.0229733
0.9302895 0.0243313
0.9258021 0.0257167
0.9211848 0.0271280
0.9164391 0.0285636
0.9115660 0.0300220
0.9065669 0.0315016
0.9014430 0.0330008
0.8961958 0.0345180
0.8908266 0.0360515
0.8853369 0.0375997
0.8797282 0.0391610
0.8740019 0.0407335
0.8681596 0.0423157
0.8622028 0.0439059
0.8561333 0.0455023
0.8499526 0.0471033
0.8436626 0.0487071
0.8372648 0.0503120
0.8307610 0.0519163
0.8241532 0.0535184
0.8174430 0.0551164
0.8106325 0.0567086
0.8037235 0.0582935
0.7967179 0.0598693
0.7896178 0.0614343
0.7824252 0.0629869
0.7751421 0.0645253
0.7677705 0.0660481
0.7603128 0.0675534
0.7527709 0.0690399
0.7451471 0.0705057
0.7374436 0.0719494
0.7296627 0.0733695
0.7218066 0.0747644
0.7138776 0.0761326
0.7058781 0.0774726
0.6978105 0.0787830
0.6896772 0.0800624
0.6814806 0.0813093
0.6732232 0.0825225
0.6649074 0.0837005
0.6565359 0.0848421
0.6481110 0.0859461
0.6396355 0.0870111
0.6311119 0.0880360
0.6225427 0.0890197
0.6139308 0.0899610
0.6052787 0.0908588
0.5965892 0.0917121
0.5878648 0.0925200
0.5791085 0.0932814
0.5703230 0.0939954
0.5615109 0.0946613
0.5526752 0.0952780
0.5438186 0.0958450
0.5349441 0.0963614
0.5260798 0.0968284
0.5172189 0.0972521
0.5083495 0.0976325
0.4994744 0.0979692
0.4905965 0.0982617
0.4817186 0.0985095
0.4728436 0.0987123
0.4639744 0.0988696
0.4551138 0.0989813
0.4462647 0.0990469
0.4374301 0.0990663
0.4286127 0.0990393
0.4198154 0.0989657
0.4110413 0.0988455
0.4022930 0.0986787
0.3935736 0.0984651
0.3848859 0.0982048
0.3762327 0.0978980
0.3676170 0.0975447
0.3590416 0.0971452
0.3505093 0.0966996
0.3420230 0.0962083
0.3335855 0.0956715
0.3251996 0.0950896
0.3168681 0.0944631
0.3085938 0.0937923
0.3003795 0.0930778
0.2922278 0.0923201
0.2841416 0.0915198
0.2761235 0.0906776
0.2681762 0.0897941
0.2603024 0.0888701
0.2525046 0.0879063
0.2447855 0.0869036
0.2371477 0.0858627
0.2295936 0.0847847
0.2221259 0.0836703
0.2147469 0.0825207
0.2074592 0.0813368
0.2002651 0.0801196
0.1931670 0.0788703
0.1861672 0.0775899
0.1792680 0.0762796
0.1724718 0.0749405
0.1657806 0.0735740
0.1591967 0.0721811
0.1527223 0.0707632
0.1463593 0.0693216
0.1401098 0.0678575
0.1339759 0.0663722
0.1279595 0.0648672
0.1220624 0.0633438
0.1162866 0.0618033
0.1106339 0.0602472
0.1051059 0.0586768
0.0997045 0.0570935
0.0944313 0.0554987
0.0892879 0.0538939
0.0842758 0.0522804
0.0793967 0.0506596
0.0746518 0.0490330
0.0700428 0.0474020
0.0655708 0.0457679
0.0612372 0.0441321
0.0570433 0.0424960
0.0529903 0.0408608
0.0490793 0.0392281
0.0453115 0.0375989
0.0416878 0.0359747
0.0382093 0.0343566
0.0348770 0.0327460
0.0316916 0.0311440
0.0286542 0.0295517
0.0257654 0.0279704
0.0230260 0.0264011
0.0204368 0.0248448
0.0179983 0.0233026
0.0157111 0.0217754
0.0135759 0.0202643
0.0115930 0.0187700
0.0097630 0.0172934
0.0080863 0.0158354
0.0065631 0.0143966
0.0051939 0.0129778
0.0039788 0.0115795
0.0029181 0.0102024
0.0020120 0.0088470
0.0012605 0.0075138
0.0006637 0.0062032
0.0002217 0.0049156
-0.0000656 0.0036512
-0.0001982 0.0024104
-0.0001763 0.0011933
0.0000000 0.0000000
0.0003286 -0.0011606
0.0008074 -0.0022798
0.0014361 -0.0033574
0.0022143 -0.0043936
0.0031416 -0.0053883
0.0042176 -0.0063416
0.0054419 -0.0072535
0.0068138 -0.0081241
0.0083329 -0.0089535
0.0099984 -0.0097418
0.0118097 -0.0104891
0.0137661 -0.0111955
0.0158669 -0.0118612
0.0181113 -0.0124864
0.0204983 -0.0130713
0.0230272 -0.0136161
0.0256970 -0.0141210
0.0285067 -0.0145864
0.0314554 -0.0150123
0.0345420 -0.0153993
0.0377654 -0.0157475
0.0411245 -0.0160573
0.0446182 -0.0163291
0.0482452 -0.0165632
0.0520044 -0.0167600
0.0558945 -0.0169200
0.0599141 -0.0170436
0.0640621 -0.0171312
0.0683369 -0.0171834
0.0727374 -0.0172006
0.0772619 -0.0171834
0.0819091 -0.0171323
0.0866776 -0.0170479
0.0915658 -0.0169308
0.0965721 -0.0167816
0.1016951 -0.0166009
0.1069332 -0.0163895
0.1122847 -0.0161479
0.1177481 -0.0158769
0.1233217 -0.0155773
0.1290038 -0.0152497
0.1347928 -0.0148950
0.1406868 -0.0145139
0.1466843 -0.0141072
0.1527834 -0.0136758
0.1589824 -0.0132205
0.1652794 -0.0127423
0.1716727 -0.0122419
0.1781603 -0.0117203
0.1847406 -0.0111784
0.1914116 -0.0106171
0.1981713 -0.0100375
0.2050180 -0.0094404
0.2119497 -0.0088268
0.2189644 -0.0081978
0.2260602 -0.0075543
0.2332351 -0.0068974
0.2404871 -0.0062280
0.2478142 -0.0055473
0.2552145 -0.0048561
0.2626858 -0.0041557
0.2702261 -0.0034470
0.2778333 -0.0027310
0.2855053 -0.0020089
0.2932401 -0.0012816
0.3010355 -0.0005502
0.3088894 0.0001842
0.3167996 0.0009206
0.3247639 0.0016580
0.3327803 0.0023953
0.3408463 0.0031316
0.3489600 0.0038658
0.3571190 0.0045969
0.3653210 0.0053240
0.3735639 0.0060461
0.3818454 0.0067623
0.3901631 0.0074716
0.3985147 0.0081731
0.4068980 0.0088659
0.4153106 0.0095492
0.4237501 0.0102221
0.4322142 0.0108838
0.4407006 0.0115336
0.4492068 0.0121706
0.4577304 0.0127941
0.4662691 0.0134034
0.4748204 0.0139978
0.4833819 0.0145768
0.4919511 0.0151397
0.5005256 0.0156858
0.5091029 0.0162148
0.5176806 0.0167260
0.5262562 0.0172190
0.5348124 0.0176928
0.5433371 0.0181407
0.5518532 0.0185608
0.5603584 0.0189526
0.5688501 0.0193161
0.5773259 0.0196510
0.5857833 0.0199572
0.5942198 0.0202345
0.6026330 0.0204829
0.6110202 0.0207024
0.6193791 0.0208930
0.6277072 0.0210549
0.6360019 0.0211882
0.6442607 0.0212930
0.6524811 0.0213696
0.6606607 0.0214183
0.6687969 0.0214394
0.6768873 0.0214332
0.6849294 0.0214001
0.6929206 0.0213406
0.7008585 0.0212552
0.7087407 0.0211444
0.7165646 0.0210087
0.7243278 0.0208487
0.7320280 0.0206652
0.7396625 0.0204586
0.7472291 0.0202298
0.7547253 0.0199794
0.7621487 0.0197082
0.7694970 0.0194170
0.7767677 0.0191066
0.7839586 0.0187778
0.7910673 0.0184315
0.7980916 0.0180686
0.8050290 0.0176899
0.8118774 0.0172963
0.8186344 0.0168889
0.8252980 0.0164685
0.8318659 0.0160361
0.8383358 0.0155926
0.8447057 0.0151391
0.8509735 0.0146765
0.8571370 0.0142059
0.8631941 0.0137281
0.8691429 0.0132442
0.8749814 0.0127552
0.8807075 0.0122622
0.8863193 0.0117660
0.8918149 0.0112677
0.8971925 0.0107682
0.9024501 0.0102687
0.9075861 0.0097699
0.9125985 0.0092729
0.9174857 0.0087786
0.9222460 0.0082880
0.9268778 0.0078020
0.9313794 0.0073215
0.9357492 0.0068474
0.9399858 0.0063805
0.9440876 0.0059217
0.9480532 0.0054719
0.9518812 0.0050319
0.9555703 0.0046024
0.9591191 0.0041842
0.9625264 0.0037781
0.9657909 0.0033848
0.9689116 0.0030050
0.9718872 0.0026393
0.9747168 0.0022885
0.9773993 0.0019530
0.9799337 0.0016335
0.9823191 0.0013305
0.9845547 0.0010446
0.9866397 0.0007762
0.9885733 0.0005259
0.9903548 0.0002940
0.9919836 0.0000809
0.9934591 -0.0001130
0.9947806 -0.0002874
0.9959479 -0.0004420
0.9969603 -0.0005765
0.9978177 -0.0006906
0.9985195 -0.0007843
0.9990657 -0.0008574
0.9994560 -0.0009096
0.9996902 -0.0009410
0.9997683 -0.0009515
