AIRFOIL_LNY
1.0003298 0.0015813
1.0002563 0.0016106
1.0000361 0.0016985
0.9996691 0.0018448
0.9991554 0.0020495
0.9984951 0.0023122
0.9976884 0.0026327
0.9967354 0.0030106
0.9956362 0.0034455
0.9943912 0.0039370
0.9930006 0.0044844
0.9914646 0.0050872
0.9897837 0.0057447
0.9879580 0.0064561
0.9859881 0.0072207
0.9838743 0.0080376
0.9816171 0.0089060
0.9792169 0.0098248
0.9766743 0.0107930
0.9739898 0.0118096
0.9711639 0.0128735
0.9681974 0.0139834
0.9650908 0.0151382
0.9618447 0.0163366
0.9584600 0.0175774
0.9549374 0.0188590
0.9512776 0.0201802
0.9474815 0.0215395
0.9435500 0.0229355
0.9394838 0.0243665
0.9352840 0.0258312
0.9309516 0.0273278
0.9264875 0.0288548
0.9218927 0.0304106
0.9171684 0.0319935
0.9123157 0.0336017
0.9073357 0.0352337
0.9022296 0.0368875
0.8969987 0.0385615
0.8916443 0.0402540
0.8861676 0.0419630
0.8805701 0.0436869
0.8748530 0.0454237
0.8690179 0.0471716
0.8630662 0.0489289
0.8569995 0.0506936
0.8508193 0.0524639
0.8445271 0.0542380
0.8381247 0.0560140
0.8316137 0.0577899
0.8249958 0.0595640
0.8182727 0.0613344
0.8114464 0.0630993
0.8045185 0.0648567
0.7974911 0.0666049
0.7903659 0.0683420
0.7831450 0.0700661
0.7758303 0.0717756
0.7684239 0.0734684
0.7609279 0.0751430
0.7533443 0.0767974
0.7456753 0.0784300
0.7379231 0.0800389
0.7300900 0.0816226
0.7221781 0.0831791
0.7141899 0.0847070
0.7061275 0.0862045
0.6979935 0.0876700
0.6897901 0.0891018
0.6815200 0.0904984
0.6731854 0.0918583
0.6647890 0.0931798
0.6563333 0.0944615
0.6478209 0.0957020
0.6392545 0.0968997
0.6306365 0.0980533
0.6219699 0.0991614
0.6132572 0.1002227
0.6045012 0.1012359
0.5957047 0.1021996
0.5868704 0.1031127
0.5781088 0.1039806
0.5693424 0.1048147
0.5605508 0.1056145
0.5517367 0.1063790
0.5429031 0.1071073
0.5340526 0.1077987
0.5251881 0.1084522
0.5163125 0.1090670
0.5074285 0.1096424
0.4985390 0.1101776
0.4896469 0.1106717
0.4807551 0.1111242
0.4718663 0.1115343
0.4629836 0.1119013
0.4541097 0.1122246
0.4452476 0.1125036
0.4364003 0.1127377
0.4275704 0.1129263
0.4187611 0.1130691
0.4099752 0.1131653
0.4012155 0.1132148
0.3924850 0.1132169
0.3837866 0.1131714
0.3751231 0.1130779
0.3664975 0.1129361
0.3579126 0.1127458
0.3493712 0.1125068
0.3408763 0.1122189
0.3324306 0.1118819
0.3240370 0.1114958
0.3156983 0.1110605
0.3074174 0.1105761
0.2991969 0.1100426
0.2910396 0.1094600
0.2829483 0.1088286
0.2749257 0.1081486
0.2669745 0.1074201
0.2590973 0.1066434
0.2512968 0.1058189
0.2435756 0.1049469
0.2359364 0.1040279
0.2283815 0.1030624
0.2209137 0.1020508
0.2135353 0.1009938
0.2062488 0.0998919
0.1990567 0.0987458
0.1919613 0.0975562
0.1849649 0.0963239
0.1780699 0.0950495
0.1712786 0.0937341
0.1645931 0.0923783
0.1580157 0.0909832
0.1515484 0.0895497
0.1451935 0.0880787
0.1389528 0.0865713
0.1328285 0.0850285
0.1268225 0.0834514
0.1209367 0.0818412
0.1151729 0.0801988
0.1095330 0.0785256
0.1040188 0.0768227
0.0986319 0.0750913
0.0933740 0.0733326
0.0882467 0.0715478
0.0832516 0.0697383
0.0783902 0.0679052
0.0736639 0.0660499
0.0690742 0.0641736
0.0646224 0.0622776
0.0603098 0.0603631
0.0561376 0.0584316
0.0521071 0.0564841
0.0482194 0.0545221
0.0444755 0.0525467
0.0408766 0.0505592
0.0374236 0.0485608
0.0341174 0.0465528
0.0309589 0.0445362
0.0279490 0.0425124
0.0250884 0.0404823
0.0223779 0.0384471
0.0198182 0.0364080
0.0174098 0.0343659
0.0151534 0.0323218
0.0130494 0.0302767
0.0110985 0.0282315
0.0093009 0.0261872
0.0076571 0.0241445
0.0061674 0.0221043
0.0048320 0.0200672
0.0036514 0.0180341
0.0026255 0.0160055
0.0017546 0.0139820
0.0010388 0.0119642
0.0004781 0.0099526
0.0000726 0.0079476
-0.0001779 0.0059495
-0.0002734 0.0039587
-0.0002141 0.0019755
0.0000000 0.0000000
0.0003664 -0.0019530
0.0008826 -0.0038687
0.0015484 -0.0057471
0.0023634 -0.0075880
0.0033272 -0.0093912
0.0044393 -0.0111567
0.0056992 -0.0128841
0.0071064 -0.0145734
0.0086603 -0.0162244
0.0103602 -0.0178369
0.0122055 -0.0194107
0.0141953 -0.0209457
0.0163291 -0.0224415
0.0186058 -0.0238980
0.0210247 -0.0253151
0.0235849 -0.0266924
0.0262854 -0.0280298
0.0291253 -0.0293271
0.0321035 -0.0305841
0.0352189 -0.0318006
0.0384706 -0.0329764
0.0418572 -0.0341113
0.0453778 -0.0352052
0.0490310 -0.0362578
0.0528156 -0.0372690
0.0567304 -0.0382387
0.0607741 -0.0391667
0.0649453 -0.0400529
0.0692427 -0.0408972
0.0736648 -0.0416995
0.0782103 -0.0424598
0.0828777 -0.0431780
0.0876655 -0.0438541
0.0925722 -0.0444880
0.0975963 -0.0450799
0.1027363 -0.0456297
0.1079905 -0.0461375
0.1133574 -0.0466035
0.1188352 -0.0470277
0.1244225 -0.0474103
0.1301175 -0.0477515
0.1359185 -0.0480515
0.1418238 -0.0483105
0.1478317 -0.0485289
0.1539404 -0.0487069
0.1601482 -0.0488450
0.1664532 -0.0489433
0.1728537 -0.0490025
0.1793479 -0.0490228
0.1859338 -0.0490049
0.1926097 -0.0489491
0.1993736 -0.0488560
0.2062237 -0.0487263
0.2131581 -0.0485604
0.2201748 -0.0483590
0.2272718 -0.0481229
0.2344473 -0.0478526
0.2416992 -0.0475489
0.2490256 -0.0472125
0.2564244 -0.0468443
0.2638936 -0.0464450
0.2714311 -0.0460154
0.2790350 -0.0455565
0.2867032 -0.0450690
0.2944334 -0.0445538
0.3022238 -0.0440119
0.3100720 -0.0434442
0.3179760 -0.0428517
0.3259337 -0.0422352
0.3339428 -0.0415958
0.3420012 -0.0409345
0.3501067 -0.0402522
0.3582571 -0.0395499
0.3664501 -0.0388287
0.3746835 -0.0380896
0.3829550 -0.0373335
0.3912623 -0.0365615
0.3996033 -0.0357746
0.4079755 -0.0349738
0.4163766 -0.0341602
0.4248044 -0.0333346
0.4332565 -0.0324982
0.4417304 -0.0316519
0.4502239 -0.0307966
0.4587345 -0.0299334
0.4672600 -0.0290631
0.4757977 -0.0281868
0.4843455 -0.0273053
0.4929007 -0.0264195
0.5014610 -0.0255303
0.5100239 -0.0246386
0.5185870 -0.0237452
0.5271478 -0.0228510
0.5357039 -0.0219566
0.5442527 -0.0210630
0.5527917 -0.0201707
0.5613186 -0.0192806
0.5698307 -0.0183934
0.5783256 -0.0175097
0.5867777 -0.0166304
0.5951043 -0.0157676
0.6034105 -0.0149277
0.6116939 -0.0141110
0.6199520 -0.0133180
0.6281825 -0.0125489
0.6363829 -0.0118040
0.6445508 -0.0110835
0.6526837 -0.0103876
0.6607791 -0.0097165
0.6688347 -0.0090701
0.6768480 -0.0084485
0.6848165 -0.0078518
0.6927377 -0.0072798
0.7006091 -0.0067325
0.7084284 -0.0062098
0.7161930 -0.0057114
0.7239005 -0.0052371
0.7315484 -0.0047868
0.7391343 -0.0043601
0.7466557 -0.0039566
0.7541102 -0.0035762
0.7614954 -0.0032183
0.7688087 -0.0028826
0.7760479 -0.0025685
0.7832106 -0.0022758
0.7902942 -0.0020038
0.7972965 -0.0017520
0.8042151 -0.0015200
0.8110477 -0.0013071
0.8177918 -0.0011128
0.8244454 -0.0009365
0.8310059 -0.0007776
0.8374712 -0.0006354
0.8438391 -0.0005094
0.8501073 -0.0003989
0.8562736 -0.0003031
0.8623358 -0.0002216
0.8682918 -0.0001536
0.8741395 -0.0000984
0.8798768 -0.0000554
0.8855017 -0.0000240
0.8910120 -0.0000033
0.8964059 0.0000071
0.9016813 0.0000081
0.9068364 0.0000003
0.9118692 -0.0000158
0.9167779 -0.0000394
0.9215606 -0.0000698
0.9262157 -0.0001066
0.9307414 -0.0001489
0.9351359 -0.0001963
0.9393976 -0.0002481
0.9435250 -0.0003037
0.9475164 -0.0003626
0.9513704 -0.0004242
0.9550854 -0.0004880
0.9586601 -0.0005534
0.9620931 -0.0006199
0.9653830 -0.0006871
0.9685287 -0.0007544
0.9715288 -0.0008213
0.9743822 -0.0008876
0.9770878 -0.0009527
0.9796446 -0.0010162
0.9820515 -0.0010779
0.9843076 -0.0011372
0.9864120 -0.0011939
0.9883639 -0.0012477
0.9901625 -0.0012982
0.9918072 -0.0013453
0.9932971 -0.0013886
0.9946318 -0.0014280
0.9958108 -0.0014632
0.9968335 -0.0014941
0.9976996 -0.0015205
0.9984086 -0.0015422
0.9989604 -0.0015593
0.9993547 -0.0015715
0.9995913 -0.0015789
0.9996702 -0.0015813
