AIRFOIL_LNY
1.0000351 0.0018768
0.9999592 0.0018942
0.9997317 0.0019462
0.9993525 0.0020328
0.9988218 0.0021540
0.9981397 0.0023095
0.9973065 0.0024994
0.9963224 0.0027235
0.9951877 0.0029814
0.9939027 0.0032731
0.9924678 0.0035982
0.9908835 0.0039566
0.9891501 0.0043478
0.9872683 0.0047716
0.9852386 0.0052275
0.9830616 0.0057153
0.9807379 0.0062345
0.9782682 0.0067846
0.9756534 0.0073653
0.9728940 0.0079760
0.9699911 0.0086162
0.9669454 0.0092854
0.9637578 0.0099832
0.9604294 0.0107088
0.9569610 0.0114618
0.9533538 0.0122415
0.9496088 0.0130474
0.9457272 0.0138788
0.9417100 0.0147351
0.9375586 0.0156157
0.9332741 0.0165197
0.9288579 0.0174467
0.9243112 0.0183959
0.9196354 0.0193666
0.9148319 0.0203581
0.9099022 0.0213697
0.9048478 0.0224007
0.8996701 0.0234503
0.8943708 0.0245179
0.8889513 0.0256026
0.8834135 0.0267037
0.8777588 0.0278205
0.8719890 0.0289522
0.8661059 0.0300980
0.8601112 0.0312573
0.8540068 0.0324292
0.8477944 0.0336129
0.8414759 0.0348077
0.8350533 0.0360129
0.8285285 0.0372275
0.8219035 0.0384509
0.8151802 0.0396823
0.8083607 0.0409209
0.8014471 0.0421659
0.7944414 0.0434165
0.7873457 0.0446718
0.7801623 0.0459313
0.7728933 0.0471939
0.7655408 0.0484590
0.7581071 0.0497256
0.7505945 0.0509931
0.7430053 0.0522606
0.7353417 0.0535273
0.7276060 0.0547923
0.7198006 0.0560548
0.7119280 0.0573141
0.7039903 0.0585692
0.6959902 0.0598194
0.6879300 0.0610637
0.6798121 0.0623014
0.6716390 0.0635316
0.6634133 0.0647533
0.6551373 0.0659659
0.6468137 0.0671682
0.6384449 0.0683596
0.6300335 0.0695391
0.6215821 0.0707058
0.6130933 0.0718588
0.6045695 0.0729972
0.5960135 0.0741201
0.5874278 0.0752265
0.5788150 0.0763157
0.5701778 0.0773866
0.5615189 0.0784382
0.5528407 0.0794698
0.5441461 0.0804803
0.5354376 0.0814688
0.5267180 0.0824344
0.5179898 0.0833761
0.5092557 0.0842930
0.5005185 0.0851842
0.4917808 0.0860486
0.4830452 0.0868855
0.4743145 0.0876939
0.4655913 0.0884728
0.4568782 0.0892213
0.4481781 0.0899386
0.4394934 0.0906238
0.4308269 0.0912758
0.4221812 0.0918940
0.4135591 0.0924775
0.4049630 0.0930253
0.3963958 0.0935367
0.3878599 0.0940108
0.3793580 0.0944469
0.3708928 0.0948443
0.3624668 0.0952021
0.3540827 0.0955197
0.3457429 0.0957964
0.3374501 0.0960315
0.3292068 0.0962243
0.3210156 0.0963744
0.3128789 0.0964810
0.3047992 0.0965437
0.2967792 0.0965620
0.2888211 0.0965354
0.2809275 0.0964634
0.2731008 0.0963457
0.2653434 0.0961820
0.2576577 0.0959718
0.2500460 0.0957150
0.2425108 0.0954113
0.2350542 0.0950606
0.2276602 0.0946625
0.2202086 0.0942087
0.2128462 0.0936942
0.2055755 0.0931195
0.1983988 0.0924851
0.1913188 0.0917915
0.1843376 0.0910395
0.1774577 0.0902296
0.1706813 0.0893628
0.1640107 0.0884396
0.1574481 0.0874611
0.1509957 0.0864280
0.1446556 0.0853414
0.1384298 0.0842021
0.1323205 0.0830112
0.1263295 0.0817698
0.1204589 0.0804789
0.1147104 0.0791397
0.1090859 0.0777533
0.1035873 0.0763209
0.0982162 0.0748437
0.0929743 0.0733230
0.0878632 0.0717600
0.0828846 0.0701560
0.0780398 0.0685122
0.0733305 0.0668300
0.0687579 0.0651107
0.0643234 0.0633556
0.0600285 0.0615661
0.0558741 0.0597433
0.0518617 0.0578887
0.0479923 0.0560036
0.0442669 0.0540893
0.0406867 0.0521470
0.0372525 0.0501780
0.0339653 0.0481837
0.0308259 0.0461651
0.0278352 0.0441236
0.0249939 0.0420602
0.0223026 0.0399763
0.0197621 0.0378728
0.0173729 0.0357508
0.0151356 0.0336114
0.0130506 0.0314557
0.0111183 0.0292845
0.0093391 0.0270988
0.0077135 0.0248994
0.0062415 0.0226872
0.0049235 0.0204629
0.0037596 0.0182272
0.0027499 0.0159809
0.0018945 0.0137244
0.0011934 0.0114584
0.0006467 0.0091833
0.0002541 0.0068996
0.0000156 0.0046076
-0.0000690 0.0023076
0.0000000 0.0000000
0.0002213 -0.0022980
0.0005936 -0.0045692
0.0011164 -0.0068133
0.0017893 -0.0090301
0.0026119 -0.0112194
0.0035836 -0.0133809
0.0047040 -0.0155146
0.0059724 -0.0176199
0.0073882 -0.0196968
0.0089508 -0.0217449
0.0106594 -0.0237639
0.0125133 -0.0257535
0.0145116 -0.0277133
0.0166537 -0.0296431
0.0189386 -0.0315424
0.0213654 -0.0334111
0.0239331 -0.0352486
0.0266408 -0.0370546
0.0294875 -0.0388288
0.0324722 -0.0405708
0.0355937 -0.0422803
0.0388509 -0.0439569
0.0422427 -0.0456002
0.0457679 -0.0472099
0.0494253 -0.0487856
0.0532137 -0.0503271
0.0571318 -0.0518340
0.0611783 -0.0533060
0.0653518 -0.0547428
0.0696511 -0.0561441
0.0740748 -0.0575097
0.0786214 -0.0588393
0.0832896 -0.0601328
0.0880779 -0.0613898
0.0929847 -0.0626103
0.0980087 -0.0637941
0.1031483 -0.0649411
0.1084019 -0.0660512
0.1137681 -0.0671243
0.1192452 -0.0681604
0.1248316 -0.0691595
0.1305257 -0.0701217
0.1363258 -0.0710470
0.1422304 -0.0719355
0.1482376 -0.0727873
0.1543459 -0.0736027
0.1605535 -0.0743818
0.1668587 -0.0751248
0.1732597 -0.0758321
0.1797547 -0.0765040
0.1863420 -0.0771408
0.1930198 -0.0777430
0.1997861 -0.0783108
0.2066393 -0.0788449
0.2135774 -0.0793456
0.2205985 -0.0798136
0.2277008 -0.0802494
0.2350265 -0.0806483
0.2424511 -0.0810028
0.2499540 -0.0813129
0.2575327 -0.0815790
0.2651850 -0.0818014
0.2729087 -0.0819804
0.2807014 -0.0821164
0.2885606 -0.0822098
0.2964842 -0.0822611
0.3044696 -0.0822707
0.3125145 -0.0822393
0.3206165 -0.0821674
0.3287731 -0.0820555
0.3369817 -0.0819043
0.3452401 -0.0817145
0.3535456 -0.0814866
0.3618958 -0.0812215
0.3702881 -0.0809198
0.3787201 -0.0805823
0.3871891 -0.0802098
0.3956925 -0.0798030
0.4042280 -0.0793628
0.4127928 -0.0788899
0.4213843 -0.0783852
0.4300000 -0.0778497
0.4386373 -0.0772840
0.4472935 -0.0766891
0.4559660 -0.0760658
0.4646523 -0.0754152
0.4733496 -0.0747379
0.4820553 -0.0740350
0.4907668 -0.0733073
0.4994815 -0.0725557
0.5081967 -0.0717811
0.5169097 -0.0709844
0.5256180 -0.0701665
0.5343189 -0.0693284
0.5430097 -0.0684708
0.5516877 -0.0675947
0.5603505 -0.0667009
0.5689953 -0.0657903
0.5776194 -0.0648638
0.5862204 -0.0639222
0.5947955 -0.0629664
0.6033422 -0.0619973
0.6118578 -0.0610155
0.6203398 -0.0600221
0.6287855 -0.0590177
0.6371924 -0.0580032
0.6455580 -0.0569794
0.6538797 -0.0559471
0.6621549 -0.0549069
0.6703811 -0.0538598
0.6785559 -0.0528065
0.6866766 -0.0517476
0.6947409 -0.0506840
0.7027463 -0.0496163
0.7106903 -0.0485453
0.7185705 -0.0474718
0.7263845 -0.0463963
0.7341299 -0.0453196
0.7418043 -0.0442424
0.7494055 -0.0431653
0.7569309 -0.0420891
0.7643785 -0.0410144
0.7717458 -0.0399419
0.7790306 -0.0388722
0.7862307 -0.0378060
0.7933439 -0.0367439
0.8003679 -0.0356866
0.8073008 -0.0346347
0.8141402 -0.0335889
0.8208841 -0.0325498
0.8275305 -0.0315180
0.8340773 -0.0304941
0.8405224 -0.0294788
0.8468640 -0.0284728
0.8531000 -0.0274765
0.8592286 -0.0264907
0.8652478 -0.0255159
0.8711558 -0.0245529
0.8769508 -0.0236021
0.8826310 -0.0226642
0.8881946 -0.0217397
0.8936400 -0.0208294
0.8989654 -0.0199338
0.9041692 -0.0190535
0.9092498 -0.0181890
0.9142056 -0.0173411
0.9190352 -0.0165101
0.9237369 -0.0156968
0.9283094 -0.0149017
0.9327513 -0.0141254
0.9370611 -0.0133684
0.9412376 -0.0126312
0.9452793 -0.0119145
0.9491852 -0.0112186
0.9529540 -0.0105443
0.9565844 -0.0098919
0.9600755 -0.0092619
0.9634260 -0.0086549
0.9666351 -0.0080713
0.9697015 -0.0075115
0.9726245 -0.0069761
0.9754032 -0.0064654
0.9780365 -0.0059798
0.9805238 -0.0055198
0.9828642 -0.0050857
0.9850571 -0.0046779
0.9871017 -0.0042967
0.9889975 -0.0039424
0.9907437 -0.0036154
0.9923399 -0.0033158
0.9937856 -0.0030440
0.9950804 -0.0028002
0.9962237 -0.0025845
0.9972154 -0.0023973
0.9980550 -0.0022385
0.9987423 -0.0021085
0.9992771 -0.0020072
0.9996592 -0.0019348
0.9998885 -0.0018913
0.9999649 -0.0018768
