AIRFOIL_LNY
1.0002235 0.0014776
1.0001493 0.0015017
0.9999264 0.0015738
0.9995551 0.0016940
0.9990354 0.0018620
0.9983674 0.0020779
0.9975514 0.0023412
0.9965875 0.0026520
0.9954759 0.0030097
0.9942170 0.0034142
0.9928110 0.0038650
0.9912585 0.0043618
0.9895596 0.0049040
0.9877149 0.0054913
0.9857249 0.0061231
0.9835901 0.0067987
0.9813110 0.0075177
0.9788882 0.0082794
0.9763224 0.0090831
0.9736142 0.0099281
0.9707643 0.0108136
0.9677735 0.0117390
0.9646426 0.0127033
0.9613724 0.0137057
0.9579638 0.0147455
0.9544176 0.0158216
0.9507348 0.0169332
0.9469164 0.0180793
0.9429635 0.0192589
0.9388770 0.0204711
0.9346581 0.0217148
0.9303080 0.0229891
0.9258277 0.0242927
0.9212185 0.0256248
0.9164818 0.0269841
0.9116186 0.0283696
0.9066305 0.0297801
0.9015187 0.0312146
0.8962848 0.0326717
0.8909300 0.0341505
0.8854559 0.0356497
0.8798641 0.0371682
0.8741561 0.0387047
0.8683334 0.0402580
0.8623978 0.0418270
0.8563508 0.0434103
0.8501943 0.0450070
0.8439299 0.0466155
0.8375594 0.0482349
0.8310846 0.0498638
0.8245074 0.0515010
0.8178297 0.0531453
0.8110533 0.0547954
0.8041803 0.0564502
0.7972125 0.0581083
0.7901521 0.0597686
0.7830010 0.0614298
0.7757614 0.0630908
0.7684353 0.0647502
0.7610249 0.0664070
0.7535324 0.0680597
0.7459599 0.0697074
0.7383097 0.0713486
0.7305841 0.0729824
0.7227853 0.0746074
0.7149156 0.0762224
0.7069774 0.0778264
0.6989731 0.0794180
0.6909049 0.0809963
0.6827754 0.0825599
0.6745870 0.0841077
0.6663422 0.0856387
0.6580433 0.0871516
0.6496930 0.0886453
0.6412938 0.0901188
0.6328482 0.0915710
0.6243587 0.0930006
0.6158281 0.0944067
0.6072588 0.0957882
0.5986535 0.0971440
0.5900149 0.0984731
0.5813455 0.0997744
0.5726482 0.1010470
0.5639255 0.1022898
0.5551802 0.1035018
0.5464150 0.1046821
0.5376327 0.1058298
0.5288359 0.1069438
0.5200274 0.1080233
0.5112100 0.1090674
0.5023865 0.1100752
0.4935596 0.1110459
0.4847322 0.1119786
0.4759069 0.1128725
0.4670868 0.1137268
0.4582744 0.1145408
0.4494727 0.1153138
0.4406845 0.1160450
0.4319125 0.1167337
0.4231597 0.1173794
0.4144287 0.1179815
0.4057224 0.1185392
0.3970437 0.1190521
0.3883953 0.1195197
0.3797801 0.1199415
0.3712007 0.1203170
0.3626601 0.1206459
0.3541610 0.1209277
0.3457061 0.1211621
0.3372983 0.1213489
0.3287890 0.1214842
0.3200825 0.1215311
0.3114333 0.1214807
0.3028450 0.1213339
0.2943208 0.1210917
0.2858643 0.1207552
0.2774789 0.1203256
0.2691679 0.1198044
0.2609348 0.1191928
0.2527827 0.1184925
0.2447151 0.1177052
0.2367350 0.1168324
0.2288457 0.1158760
0.2210503 0.1148380
0.2133519 0.1137202
0.2057535 0.1125248
0.1982581 0.1112539
0.1908685 0.1099098
0.1835876 0.1084946
0.1764181 0.1070107
0.1693629 0.1054606
0.1624244 0.1038467
0.1556053 0.1021715
0.1489081 0.1004376
0.1423352 0.0986475
0.1358890 0.0968040
0.1295716 0.0949097
0.1233854 0.0929674
0.1173323 0.0909796
0.1114145 0.0889493
0.1056340 0.0868791
0.0999925 0.0847719
0.0944918 0.0826304
0.0891338 0.0804574
0.0839201 0.0782557
0.0788521 0.0760281
0.0739314 0.0737772
0.0691594 0.0715060
0.0645374 0.0692169
0.0600666 0.0669128
0.0557483 0.0645964
0.0515834 0.0622701
0.0475731 0.0599366
0.0437182 0.0575983
0.0400197 0.0552579
0.0364783 0.0529177
0.0330947 0.0505800
0.0298696 0.0482471
0.0268037 0.0459214
0.0238973 0.0436048
0.0211510 0.0412996
0.0185652 0.0390077
0.0161401 0.0367311
0.0138761 0.0344716
0.0117733 0.0322309
0.0098318 0.0300107
0.0080519 0.0278126
0.0064334 0.0256381
0.0049764 0.0234885
0.0036807 0.0213652
0.0025462 0.0192692
0.0015728 0.0172017
0.0007601 0.0151637
0.0001079 0.0131559
-0.0003841 0.0111793
-0.0007165 0.0092343
-0.0008896 0.0073216
-0.0009039 0.0054415
-0.0007600 0.0035945
-0.0004585 0.0017806
0.0000000 0.0000000
0.0006108 -0.0017342
0.0013692 -0.0034092
0.0022744 -0.0050249
0.0033255 -0.0065817
0.0045218 -0.0080797
0.0058622 -0.0095192
0.0073459 -0.0109005
0.0089718 -0.0122240
0.0107389 -0.0134901
0.0126460 -0.0146992
0.0146921 -0.0158518
0.0168760 -0.0169485
0.0191965 -0.0179897
0.0216524 -0.0189761
0.0242423 -0.0199083
0.0269650 -0.0207870
0.0298192 -0.0216130
0.0328034 -0.0223869
0.0359163 -0.0231096
0.0391564 -0.0237819
0.0425223 -0.0244047
0.0460125 -0.0249788
0.0496255 -0.0255053
0.0533599 -0.0259850
0.0572140 -0.0264191
0.0611863 -0.0268084
0.0652753 -0.0271542
0.0694793 -0.0274575
0.0737969 -0.0277194
0.0782263 -0.0279411
0.0827661 -0.0281239
0.0874145 -0.0282689
0.0921700 -0.0283774
0.0970310 -0.0284508
0.1019959 -0.0284903
0.1070629 -0.0284972
0.1122306 -0.0284730
0.1174974 -0.0284190
0.1228616 -0.0283368
0.1283216 -0.0282276
0.1338759 -0.0280931
0.1395229 -0.0279347
0.1452609 -0.0277540
0.1510886 -0.0275524
0.1570042 -0.0273316
0.1630064 -0.0270932
0.1690935 -0.0268387
0.1752641 -0.0265698
0.1815166 -0.0262881
0.1878495 -0.0259953
0.1942615 -0.0256931
0.2007510 -0.0253831
0.2073165 -0.0250671
0.2139567 -0.0247467
0.2206700 -0.0244237
0.2274552 -0.0240998
0.2343106 -0.0237768
0.2412350 -0.0234563
0.2482269 -0.0231402
0.2552849 -0.0228301
0.2624076 -0.0225279
0.2695936 -0.0222352
0.2768416 -0.0219538
0.2841500 -0.0216855
0.2915174 -0.0214319
0.2989426 -0.0211947
0.3064239 -0.0209757
0.3139601 -0.0207766
0.3215495 -0.0205990
0.3291909 -0.0204445
0.3371335 -0.0203064
0.3452769 -0.0201544
0.3534673 -0.0199862
0.3617025 -0.0198027
0.3699802 -0.0196045
0.3782980 -0.0193925
0.3866536 -0.0191676
0.3950446 -0.0189304
0.4034686 -0.0186818
0.4119231 -0.0184226
0.4204059 -0.0181536
0.4289144 -0.0178755
0.4374462 -0.0175891
0.4459988 -0.0172951
0.4545698 -0.0169944
0.4631568 -0.0166875
0.4717571 -0.0163753
0.4803683 -0.0160585
0.4889880 -0.0157377
0.4976135 -0.0154136
0.5062424 -0.0150868
0.5148721 -0.0147581
0.5235001 -0.0144279
0.5321238 -0.0140969
0.5407407 -0.0137656
0.5493482 -0.0134346
0.5579438 -0.0131045
0.5665249 -0.0127756
0.5750889 -0.0124485
0.5836333 -0.0121236
0.5921555 -0.0118014
0.6006529 -0.0114823
0.6091230 -0.0111666
0.6175631 -0.0108546
0.6259709 -0.0105468
0.6343435 -0.0102433
0.6426787 -0.0099446
0.6509737 -0.0096508
0.6592260 -0.0093621
0.6674331 -0.0090789
0.6755925 -0.0088012
0.6837017 -0.0085292
0.6917581 -0.0082631
0.6997592 -0.0080030
0.7077027 -0.0077489
0.7155859 -0.0075011
0.7234064 -0.0072594
0.7311618 -0.0070241
0.7388497 -0.0067950
0.7464676 -0.0065722
0.7540132 -0.0063558
0.7614840 -0.0061457
0.7688777 -0.0059418
0.7761919 -0.0057441
0.7834244 -0.0055525
0.7905727 -0.0053671
0.7976348 -0.0051877
0.8046082 -0.0050142
0.8114907 -0.0048465
0.8182802 -0.0046845
0.8249744 -0.0045282
0.8315712 -0.0043774
0.8380685 -0.0042320
0.8444641 -0.0040918
0.8507560 -0.0039568
0.8569420 -0.0038268
0.8630203 -0.0037017
0.8689888 -0.0035814
0.8748455 -0.0034657
0.8805885 -0.0033545
0.8862160 -0.0032476
0.8917260 -0.0031450
0.8971168 -0.0030465
0.9023865 -0.0029521
0.9075334 -0.0028614
0.9125558 -0.0027746
0.9174520 -0.0026913
0.9222204 -0.0026117
0.9268593 -0.0025354
0.9313673 -0.0024624
0.9357427 -0.0023927
0.9399841 -0.0023261
0.9440901 -0.0022625
0.9480592 -0.0022019
0.9518902 -0.0021441
0.9555817 -0.0020892
0.9591325 -0.0020369
0.9625412 -0.0019873
0.9658069 -0.0019403
0.9689283 -0.0018958
0.9719044 -0.0018538
0.9747341 -0.0018142
0.9774166 -0.0017770
0.9799507 -0.0017421
0.9823357 -0.0017095
0.9845708 -0.0016791
0.9866551 -0.0016510
0.9885880 -0.0016251
0.9903687 -0.0016013
0.9919967 -0.0015797
0.9934714 -0.0015602
0.9947922 -0.0015427
0.9959587 -0.0015274
0.9969705 -0.0015142
0.9978273 -0.0015030
0.9985286 -0.0014938
0.9990744 -0.0014867
0.9994644 -0.0014817
0.9996984 -0.0014786
0.9997765 -0.0014776
