AIRFOIL_LNY
1.0000888 0.0013514
1.0000134 0.0013679
0.9997872 0.0014173
0.9994102 0.0014995
0.9988827 0.0016145
0.9982046 0.0017623
0.9973763 0.0019425
0.9963980 0.0021552
0.9952699 0.0024001
0.9939923 0.0026771
0.9925657 0.0029857
0.9909905 0.0033259
0.9892670 0.0036973
0.9873958 0.0040995
0.9853775 0.0045323
0.9832125 0.0049953
0.9809016 0.0054880
0.9784454 0.0060101
0.9758446 0.0065611
0.9731000 0.0071405
0.9702123 0.0077479
0.9671824 0.0083827
0.9640112 0.0090445
0.9606996 0.0097326
0.9572485 0.0104466
0.9536590 0.0111858
0.9499320 0.0119497
0.9460688 0.0127376
0.9420703 0.0135489
0.9379378 0.0143829
0.9336725 0.0152391
0.9292756 0.0161167
0.9247484 0.0170151
0.9200922 0.0179335
0.9153084 0.0188713
0.9103984 0.0198278
0.9053636 0.0208022
0.9002056 0.0217938
0.8949257 0.0228019
0.8895257 0.0238257
0.8840070 0.0248645
0.8783713 0.0259176
0.8726203 0.0269841
0.8667557 0.0280633
0.8607791 0.0291545
0.8546925 0.0302569
0.8484975 0.0313697
0.8421960 0.0324921
0.8357899 0.0336234
0.8292811 0.0347627
0.8226715 0.0359094
0.8159631 0.0370625
0.8091580 0.0382214
0.8022580 0.0393852
0.7952653 0.0405531
0.7881820 0.0417244
0.7810102 0.0428983
0.7737521 0.0440740
0.7664097 0.0452507
0.7589854 0.0464276
0.7514814 0.0476039
0.7438998 0.0487788
0.7362431 0.0499516
0.7285134 0.0511215
0.7207132 0.0522876
0.7128447 0.0534492
0.7049104 0.0546054
0.6969126 0.0557556
0.6888538 0.0568988
0.6807364 0.0580344
0.6725628 0.0591615
0.6643356 0.0602793
0.6560572 0.0613871
0.6477301 0.0624841
0.6393570 0.0635694
0.6309402 0.0646423
0.6224824 0.0657020
0.6139862 0.0667477
0.6054541 0.0677786
0.5968887 0.0687940
0.5882927 0.0697931
0.5796687 0.0707750
0.5710193 0.0717391
0.5623472 0.0726845
0.5536550 0.0736105
0.5449454 0.0745163
0.5362210 0.0754011
0.5274846 0.0762643
0.5187388 0.0771050
0.5099863 0.0779226
0.5012298 0.0787162
0.4924720 0.0794852
0.4837156 0.0802288
0.4749634 0.0809464
0.4662179 0.0816373
0.4574819 0.0823007
0.4487581 0.0829360
0.4400493 0.0835426
0.4313580 0.0841198
0.4226871 0.0846670
0.4140391 0.0851835
0.4054168 0.0856688
0.3968229 0.0861224
0.3882600 0.0865436
0.3797308 0.0869319
0.3712379 0.0872868
0.3627840 0.0876079
0.3543718 0.0878947
0.3460037 0.0881466
0.3376826 0.0883634
0.3294108 0.0885446
0.3211912 0.0886899
0.3130261 0.0887990
0.3049182 0.0888714
0.2968699 0.0889071
0.2888839 0.0889057
0.2809625 0.0888670
0.2731084 0.0887908
0.2653238 0.0886770
0.2576114 0.0885255
0.2497722 0.0883284
0.2418930 0.0880565
0.2340990 0.0877082
0.2263932 0.0872848
0.2187784 0.0867877
0.2112575 0.0862184
0.2038333 0.0855784
0.1965086 0.0848693
0.1892859 0.0840928
0.1821679 0.0832507
0.1751573 0.0823446
0.1682566 0.0813765
0.1614682 0.0803482
0.1547945 0.0792617
0.1482380 0.0781189
0.1418009 0.0769219
0.1354855 0.0756726
0.1292938 0.0743733
0.1232281 0.0730259
0.1172904 0.0716327
0.1114825 0.0701958
0.1058066 0.0687174
0.1002643 0.0671996
0.0948574 0.0656448
0.0895877 0.0640549
0.0844567 0.0624324
0.0794661 0.0607793
0.0746173 0.0590978
0.0699118 0.0573902
0.0653509 0.0556587
0.0609358 0.0539052
0.0566679 0.0521321
0.0525482 0.0503413
0.0485778 0.0485350
0.0447577 0.0467151
0.0410889 0.0448837
0.0375722 0.0430427
0.0342085 0.0411941
0.0309986 0.0393396
0.0279429 0.0374810
0.0250423 0.0356202
0.0222973 0.0337587
0.0197083 0.0318983
0.0172757 0.0300405
0.0150000 0.0281868
0.0128815 0.0263385
0.0109203 0.0244971
0.0091168 0.0226638
0.0074710 0.0208398
0.0059830 0.0190262
0.0046529 0.0172241
0.0034805 0.0154344
0.0024659 0.0136580
0.0016089 0.0118957
0.0009093 0.0101481
0.0003669 0.0084158
-0.0000187 0.0066995
-0.0002478 0.0049994
-0.0003207 0.0033160
-0.0002379 0.0016495
0.0000000 0.0000000
0.0003902 -0.0016202
0.0009299 -0.0031990
0.0016182 -0.0047364
0.0024546 -0.0062325
0.0034384 -0.0076873
0.0045688 -0.0091010
0.0058449 -0.0104737
0.0072660 -0.0118056
0.0088311 -0.0130970
0.0105394 -0.0143480
0.0123898 -0.0155590
0.0143814 -0.0167303
0.0165131 -0.0178622
0.0187839 -0.0189550
0.0211927 -0.0200092
0.0237383 -0.0210252
0.0264195 -0.0220034
0.0292352 -0.0229443
0.0321842 -0.0238485
0.0352651 -0.0247164
0.0384766 -0.0255487
0.0418176 -0.0263460
0.0452866 -0.0271088
0.0488823 -0.0278379
0.0526033 -0.0285339
0.0564483 -0.0291975
0.0604157 -0.0298295
0.0645043 -0.0304307
0.0687124 -0.0310018
0.0730388 -0.0315438
0.0774818 -0.0320573
0.0820401 -0.0325434
0.0867121 -0.0330030
0.0914963 -0.0334369
0.0963912 -0.0338462
0.1013953 -0.0342318
0.1065071 -0.0345948
0.1117250 -0.0349362
0.1170475 -0.0352570
0.1224730 -0.0355585
0.1280001 -0.0358417
0.1336271 -0.0361077
0.1393525 -0.0363577
0.1451747 -0.0365929
0.1510923 -0.0368146
0.1571036 -0.0370239
0.1632071 -0.0372222
0.1694012 -0.0374106
0.1756844 -0.0375905
0.1820551 -0.0377633
0.1885117 -0.0379301
0.1950527 -0.0380924
0.2016764 -0.0382515
0.2083814 -0.0384088
0.2151660 -0.0385657
0.2220287 -0.0387235
0.2289678 -0.0388837
0.2359818 -0.0390476
0.2430690 -0.0392167
0.2502278 -0.0393923
0.2575790 -0.0395732
0.2652046 -0.0397338
0.2729011 -0.0398672
0.2806663 -0.0399739
0.2884979 -0.0400543
0.2963934 -0.0401088
0.3043507 -0.0401379
0.3123673 -0.0401421
0.3204409 -0.0401218
0.3285690 -0.0400777
0.3367493 -0.0400101
0.3449793 -0.0399197
0.3532565 -0.0398069
0.3615786 -0.0396725
0.3699430 -0.0395169
0.3783473 -0.0393408
0.3867889 -0.0391448
0.3952654 -0.0389294
0.4037742 -0.0386953
0.4123127 -0.0384432
0.4208785 -0.0381735
0.4294689 -0.0378871
0.4380814 -0.0375844
0.4467134 -0.0372662
0.4553624 -0.0369330
0.4640257 -0.0365856
0.4727007 -0.0362245
0.4813849 -0.0358503
0.4900756 -0.0354637
0.4987702 -0.0350652
0.5074661 -0.0346556
0.5161607 -0.0342353
0.5248514 -0.0338050
0.5335355 -0.0333653
0.5422104 -0.0329167
0.5508735 -0.0324598
0.5595221 -0.0319952
0.5681538 -0.0315234
0.5767657 -0.0310449
0.5853554 -0.0305603
0.5939203 -0.0300700
0.6024576 -0.0295746
0.6109649 -0.0290745
0.6194395 -0.0285702
0.6278788 -0.0280622
0.6362804 -0.0275509
0.6446416 -0.0270368
0.6529598 -0.0265203
0.6612326 -0.0260017
0.6694573 -0.0254815
0.6776316 -0.0249601
0.6857528 -0.0244378
0.6938185 -0.0239150
0.7018263 -0.0233921
0.7097736 -0.0228694
0.7176580 -0.0223472
0.7254771 -0.0218258
0.7332285 -0.0213056
0.7409098 -0.0207869
0.7485186 -0.0202700
0.7560526 -0.0197550
0.7635095 -0.0192425
0.7708870 -0.0187325
0.7781827 -0.0182254
0.7853944 -0.0177215
0.7925199 -0.0172209
0.7995570 -0.0167240
0.8065035 -0.0162309
0.8133572 -0.0157420
0.8201161 -0.0152575
0.8267779 -0.0147775
0.8333407 -0.0143024
0.8398024 -0.0138324
0.8461609 -0.0133677
0.8524143 -0.0129085
0.8585607 -0.0124550
0.8645980 -0.0120076
0.8705245 -0.0115663
0.8763383 -0.0111314
0.8820374 -0.0107032
0.8876203 -0.0102818
0.8930850 -0.0098676
0.8984300 -0.0094606
0.9036534 -0.0090611
0.9087537 -0.0086694
0.9137292 -0.0082857
0.9185784 -0.0079101
0.9232997 -0.0075429
0.9278917 -0.0071843
0.9323529 -0.0068345
0.9366819 -0.0064937
0.9408773 -0.0061622
0.9449377 -0.0058401
0.9488620 -0.0055277
0.9526488 -0.0052251
0.9562969 -0.0049325
0.9598053 -0.0046502
0.9631726 -0.0043784
0.9663980 -0.0041172
0.9694803 -0.0038667
0.9724186 -0.0036273
0.9752119 -0.0033990
0.9778593 -0.0031820
0.9803601 -0.0029766
0.9827133 -0.0027827
0.9849183 -0.0026007
0.9869743 -0.0024305
0.9888806 -0.0022724
0.9906367 -0.0021265
0.9922420 -0.0019929
0.9936960 -0.0018717
0.9949982 -0.0017630
0.9961482 -0.0016669
0.9971456 -0.0015834
0.9979901 -0.0015126
0.9986814 -0.0014547
0.9992193 -0.0014095
0.9996037 -0.0013773
0.9998343 -0.0013579
0.9999112 -0.0013514
