AIRFOIL_LNY
1.0000180 0.0012186
0.9999420 0.0012301
0.9997140 0.0012645
0.9993341 0.0013217
0.9988024 0.0014017
0.9981191 0.0015046
0.9972843 0.0016300
0.9962983 0.0017781
0.9951615 0.0019485
0.9938741 0.0021412
0.9924366 0.0023560
0.9908493 0.0025927
0.9891128 0.0028511
0.9872275 0.0031310
0.9851941 0.0034321
0.9830131 0.0037542
0.9806853 0.0040970
0.9782112 0.0044602
0.9755917 0.0048435
0.9728275 0.0052466
0.9699195 0.0056691
0.9668685 0.0061107
0.9636755 0.0065710
0.9603414 0.0070496
0.9568673 0.0075462
0.9532541 0.0080603
0.9495030 0.0085916
0.9456150 0.0091396
0.9415915 0.0097039
0.9374335 0.0102839
0.9331423 0.0108794
0.9287192 0.0114898
0.9241656 0.0121147
0.9194829 0.0127536
0.9146723 0.0134059
0.9097355 0.0140713
0.9046739 0.0147493
0.8994889 0.0154392
0.8941823 0.0161408
0.8887555 0.0168533
0.8832102 0.0175764
0.8775482 0.0183095
0.8717710 0.0190521
0.8658805 0.0198037
0.8598785 0.0205638
0.8537667 0.0213319
0.8475470 0.0221073
0.8412213 0.0228897
0.8347915 0.0236785
0.8282595 0.0244731
0.8216274 0.0252731
0.8148971 0.0260778
0.8080707 0.0268868
0.8011503 0.0276996
0.7941378 0.0285155
0.7870356 0.0293342
0.7798457 0.0301549
0.7725703 0.0309773
0.7652116 0.0318007
0.7577718 0.0326246
0.7502533 0.0334485
0.7426583 0.0342718
0.7349890 0.0350939
0.7272479 0.0359144
0.7194373 0.0367327
0.7115595 0.0375482
0.7036170 0.0383604
0.6956121 0.0391686
0.6875473 0.0399724
0.6794251 0.0407712
0.6712479 0.0415644
0.6630183 0.0423514
0.6547386 0.0431316
0.6464115 0.0439046
0.6380395 0.0446696
0.6296251 0.0454262
0.6211708 0.0461736
0.6126794 0.0469115
0.6041533 0.0476390
0.5955952 0.0483557
0.5870076 0.0490610
0.5783932 0.0497542
0.5697546 0.0504347
0.5610945 0.0511020
0.5524154 0.0517554
0.5437201 0.0523944
0.5350113 0.0530183
0.5262914 0.0536265
0.5175633 0.0542184
0.5088296 0.0547934
0.5000929 0.0553509
0.4913560 0.0558903
0.4826214 0.0564111
0.4738920 0.0569125
0.4651702 0.0573941
0.4564589 0.0578553
0.4477607 0.0582954
0.4390782 0.0587139
0.4304141 0.0591102
0.4217623 0.0594832
0.4131335 0.0598315
0.4045310 0.0601545
0.3959574 0.0604518
0.3874153 0.0607230
0.3789074 0.0609674
0.3704364 0.0611846
0.3620047 0.0613743
0.3536151 0.0615360
0.3452700 0.0616692
0.3369722 0.0617737
0.3287240 0.0618490
0.3205282 0.0618948
0.3123871 0.0619108
0.3043034 0.0618967
0.2962795 0.0618523
0.2883178 0.0617772
0.2804209 0.0616713
0.2725913 0.0615344
0.2648312 0.0613664
0.2571431 0.0611670
0.2495293 0.0609362
0.2419923 0.0606739
0.2345344 0.0603800
0.2271578 0.0600546
0.2198648 0.0596976
0.2126577 0.0593091
0.2055386 0.0588891
0.1985099 0.0584378
0.1915736 0.0579553
0.1847320 0.0574416
0.1779870 0.0568971
0.1713408 0.0563219
0.1647954 0.0557163
0.1583528 0.0550805
0.1520151 0.0544148
0.1457841 0.0537196
0.1396618 0.0529951
0.1336500 0.0522419
0.1277507 0.0514602
0.1219655 0.0506505
0.1162963 0.0498132
0.1107449 0.0489488
0.1053128 0.0480578
0.1000018 0.0471407
0.0948135 0.0461980
0.0897495 0.0452302
0.0848112 0.0442379
0.0800003 0.0432216
0.0753182 0.0421820
0.0707662 0.0411195
0.0663459 0.0400349
0.0620584 0.0389286
0.0579052 0.0378014
0.0538874 0.0366537
0.0500063 0.0354863
0.0462631 0.0342997
0.0426589 0.0330945
0.0391947 0.0318714
0.0358716 0.0306308
0.0326906 0.0293736
0.0296527 0.0281001
0.0267587 0.0268110
0.0240096 0.0255069
0.0214060 0.0241883
0.0189489 0.0228558
0.0166390 0.0215098
0.0144768 0.0201509
0.0124631 0.0187795
0.0105984 0.0173962
0.0088834 0.0160013
0.0073184 0.0145953
0.0059039 0.0131786
0.0046404 0.0117516
0.0035282 0.0103146
0.0025677 0.0088680
0.0017590 0.0074119
0.0011024 0.0059468
0.0005981 0.0044729
0.0002462 0.0029903
0.0000468 0.0014993
0.0000000 0.0000000
0.0001055 -0.0014963
0.0003629 -0.0029784
0.0007724 -0.0044461
0.0013336 -0.0058992
0.0020463 -0.0073376
0.0029105 -0.0087611
0.0039256 -0.0101694
0.0050915 -0.0115622
0.0064077 -0.0129394
0.0078739 -0.0143006
0.0094895 -0.0156456
0.0112540 -0.0169739
0.0131668 -0.0182854
0.0152275 -0.0195796
0.0174352 -0.0208562
0.0197894 -0.0221147
0.0222892 -0.0233549
0.0249339 -0.0245764
0.0277227 -0.0257786
0.0306547 -0.0269613
0.0337289 -0.0281239
0.0369445 -0.0292662
0.0403005 -0.0303875
0.0437957 -0.0314876
0.0474291 -0.0325660
0.0511996 -0.0336222
0.0551061 -0.0346559
0.0591472 -0.0356666
0.0633219 -0.0366538
0.0676287 -0.0376173
0.0720665 -0.0385565
0.0766337 -0.0394710
0.0813291 -0.0403606
0.0861512 -0.0412248
0.0910985 -0.0420632
0.0961695 -0.0428755
0.1013627 -0.0436614
0.1066764 -0.0444206
0.1121092 -0.0451527
0.1176592 -0.0458576
0.1233249 -0.0465348
0.1291045 -0.0471843
0.1349963 -0.0478057
0.1409984 -0.0483990
0.1471091 -0.0489639
0.1533265 -0.0495002
0.1596488 -0.0500080
0.1660740 -0.0504870
0.1726002 -0.0509372
0.1792254 -0.0513585
0.1859477 -0.0517510
0.1927649 -0.0521147
0.1996751 -0.0524496
0.2066761 -0.0527557
0.2137659 -0.0530332
0.2209423 -0.0532822
0.2282032 -0.0535028
0.2355464 -0.0536952
0.2429696 -0.0538595
0.2504707 -0.0539961
0.2580473 -0.0541051
0.2656973 -0.0541868
0.2734182 -0.0542416
0.2812079 -0.0542697
0.2890639 -0.0542715
0.2969839 -0.0542473
0.3049655 -0.0541976
0.3130063 -0.0541227
0.3211039 -0.0540230
0.3292558 -0.0538990
0.3374597 -0.0537512
0.3457130 -0.0535800
0.3540132 -0.0533859
0.3623579 -0.0531695
0.3707446 -0.0529312
0.3791707 -0.0526715
0.3876336 -0.0523911
0.3961309 -0.0520904
0.4046600 -0.0517700
0.4132183 -0.0514305
0.4218033 -0.0510725
0.4304128 -0.0506965
0.4390524 -0.0503023
0.4477108 -0.0498898
0.4563853 -0.0494597
0.4650733 -0.0490125
0.4737721 -0.0485487
0.4824791 -0.0480690
0.4911916 -0.0475740
0.4999071 -0.0470643
0.5086228 -0.0465404
0.5173362 -0.0460030
0.5260445 -0.0454525
0.5347452 -0.0448897
0.5434356 -0.0443151
0.5521130 -0.0437292
0.5607749 -0.0431326
0.5694185 -0.0425260
0.5780413 -0.0419098
0.5866406 -0.0412846
0.5952138 -0.0406509
0.6037584 -0.0400094
0.6122717 -0.0393605
0.6207511 -0.0387047
0.6291940 -0.0380427
0.6375979 -0.0373748
0.6459602 -0.0367016
0.6542784 -0.0360237
0.6625499 -0.0353414
0.6707722 -0.0346553
0.6789428 -0.0339659
0.6870593 -0.0332737
0.6951190 -0.0325790
0.7031197 -0.0318824
0.7110588 -0.0311843
0.7189339 -0.0304852
0.7267426 -0.0297855
0.7344825 -0.0290856
0.7421514 -0.0283860
0.7497467 -0.0276870
0.7572662 -0.0269892
0.7647077 -0.0262930
0.7720688 -0.0255987
0.7793472 -0.0249067
0.7865408 -0.0242175
0.7936474 -0.0235314
0.8006648 -0.0228490
0.8075908 -0.0221704
0.8144233 -0.0214963
0.8211602 -0.0208268
0.8277995 -0.0201625
0.8343391 -0.0195037
0.8407771 -0.0188508
0.8471114 -0.0182042
0.8533401 -0.0175643
0.8594613 -0.0169314
0.8654732 -0.0163059
0.8713738 -0.0156882
0.8771614 -0.0150787
0.8828342 -0.0144777
0.8883905 -0.0138856
0.8938285 -0.0133029
0.8991466 -0.0127297
0.9043431 -0.0121666
0.9094165 -0.0116139
0.9143652 -0.0110719
0.9191877 -0.0105410
0.9238825 -0.0100215
0.9284481 -0.0095138
0.9328831 -0.0090183
0.9371862 -0.0085352
0.9413561 -0.0080649
0.9453915 -0.0076078
0.9492911 -0.0071642
0.9530537 -0.0067344
0.9566782 -0.0063186
0.9601634 -0.0059172
0.9635083 -0.0055306
0.9667119 -0.0051589
0.9697731 -0.0048026
0.9726911 -0.0044617
0.9754648 -0.0041367
0.9780936 -0.0038277
0.9805764 -0.0035350
0.9829127 -0.0032588
0.9851016 -0.0029994
0.9871426 -0.0027570
0.9890348 -0.0025317
0.9907779 -0.0023237
0.9923712 -0.0021333
0.9938142 -0.0019605
0.9951066 -0.0018055
0.9962478 -0.0016684
0.9972376 -0.0015494
0.9980756 -0.0014485
0.9987616 -0.0013658
0.9992954 -0.0013015
0.9996768 -0.0012555
0.9999057 -0.0012278
0.9999820 -0.0012186
