AIRFOIL_LNY
1.0001436 0.0012588
1.0000686 0.0012781
0.9998438 0.0013362
0.9994691 0.0014329
0.9989447 0.0015682
0.9982708 0.0017419
0.9974474 0.0019539
0.9964748 0.0022039
0.9953534 0.0024918
0.9940833 0.0028172
0.9926649 0.0031798
0.9910987 0.0035793
0.9893850 0.0040153
0.9875243 0.0044875
0.9855171 0.0049952
0.9833640 0.0055382
0.9810656 0.0061158
0.9786224 0.0067275
0.9760351 0.0073728
0.9733045 0.0080510
0.9704313 0.0087616
0.9674163 0.0095038
0.9642604 0.0102770
0.9609643 0.0110804
0.9575290 0.0119135
0.9539554 0.0127752
0.9502446 0.0136650
0.9463976 0.0145821
0.9424154 0.0155254
0.9382992 0.0164944
0.9340501 0.0174880
0.9296692 0.0185054
0.9251579 0.0195458
0.9205174 0.0206082
0.9157490 0.0216916
0.9108540 0.0227952
0.9058338 0.0239181
0.9006899 0.0250591
0.8954237 0.0262175
0.8900368 0.0273921
0.8845305 0.0285821
0.8789066 0.0297864
0.8731666 0.0310040
0.8673122 0.0322339
0.8613451 0.0334752
0.8552669 0.0347267
0.8490795 0.0359875
0.8427846 0.0372565
0.8363841 0.0385328
0.8298797 0.0398152
0.8232735 0.0411028
0.8165673 0.0423946
0.8097631 0.0436895
0.8028628 0.0449865
0.7958686 0.0462845
0.7887825 0.0475826
0.7816064 0.0488797
0.7743427 0.0501748
0.7669933 0.0514670
0.7595606 0.0527551
0.7520466 0.0540382
0.7444536 0.0553153
0.7367840 0.0565854
0.7290399 0.0578475
0.7212236 0.0591006
0.7133376 0.0603438
0.7053842 0.0615760
0.6973657 0.0627963
0.6892847 0.0640038
0.6811434 0.0651975
0.6729445 0.0663765
0.6646903 0.0675398
0.6563833 0.0686864
0.6480261 0.0698156
0.6396213 0.0709264
0.6311713 0.0720178
0.6226788 0.0730890
0.6141464 0.0741391
0.6055766 0.0751673
0.5969721 0.0761727
0.5883355 0.0771544
0.5796696 0.0781116
0.5709769 0.0790436
0.5622602 0.0799494
0.5535222 0.0808284
0.5447655 0.0816796
0.5359930 0.0825025
0.5272072 0.0832961
0.5184110 0.0840599
0.5096071 0.0847931
0.5007983 0.0854949
0.4919873 0.0861648
0.4831769 0.0868021
0.4743699 0.0874061
0.4655690 0.0879762
0.4567770 0.0885119
0.4479968 0.0890125
0.4392310 0.0894776
0.4304825 0.0899065
0.4217298 0.0902984
0.4129410 0.0906436
0.4041771 0.0909387
0.3954410 0.0911833
0.3867356 0.0913773
0.3780638 0.0915204
0.3694284 0.0916124
0.3608324 0.0916534
0.3522786 0.0916431
0.3437699 0.0915817
0.3353092 0.0914691
0.3268993 0.0913054
0.3185431 0.0910908
0.3102432 0.0908255
0.3020027 0.0905096
0.2938242 0.0901436
0.2857105 0.0897276
0.2776643 0.0892621
0.2696884 0.0887475
0.2617855 0.0881843
0.2539582 0.0875730
0.2462092 0.0869142
0.2385410 0.0862085
0.2309564 0.0854566
0.2234577 0.0846592
0.2160476 0.0838171
0.2087285 0.0829310
0.2015029 0.0820018
0.1943732 0.0810303
0.1873417 0.0800176
0.1804109 0.0789646
0.1735830 0.0778722
0.1668602 0.0767416
0.1602448 0.0755738
0.1537389 0.0743699
0.1473447 0.0731310
0.1410642 0.0718584
0.1348995 0.0705531
0.1288525 0.0692166
0.1229252 0.0678499
0.1171196 0.0664543
0.1114373 0.0650312
0.1058802 0.0635819
0.1004501 0.0621076
0.0951486 0.0606098
0.0899773 0.0590897
0.0849379 0.0575486
0.0800318 0.0559880
0.0752606 0.0544093
0.0706257 0.0528136
0.0661284 0.0512025
0.0617700 0.0495772
0.0575519 0.0479392
0.0534751 0.0462896
0.0495410 0.0446299
0.0457505 0.0429613
0.0421048 0.0412851
0.0386048 0.0396026
0.0352515 0.0379150
0.0320457 0.0362235
0.0289883 0.0345292
0.0260801 0.0328335
0.0233218 0.0311373
0.0207141 0.0294417
0.0182577 0.0277478
0.0159530 0.0260566
0.0138006 0.0243690
0.0118011 0.0226860
0.0099548 0.0210084
0.0082620 0.0193371
0.0067232 0.0176729
0.0053386 0.0160164
0.0041085 0.0143683
0.0030329 0.0127293
0.0021121 0.0110999
0.0013461 0.0094807
0.0007350 0.0078721
0.0002787 0.0062745
-0.0000229 0.0046882
-0.0001697 0.0031136
-0.0001620 0.0015508
0.0000000 0.0000000
0.0003143 -0.0015272
0.0007789 -0.0030193
0.0013933 -0.0044763
0.0021573 -0.0058980
0.0030703 -0.0072845
0.0041320 -0.0086356
0.0053418 -0.0099513
0.0066990 -0.0112317
0.0082032 -0.0124766
0.0098536 -0.0136860
0.0116496 -0.0148599
0.0135904 -0.0159984
0.0156752 -0.0171014
0.0179032 -0.0181689
0.0202735 -0.0192009
0.0227853 -0.0201976
0.0254376 -0.0211588
0.0282293 -0.0220848
0.0311596 -0.0229754
0.0342272 -0.0238309
0.0374312 -0.0246513
0.0407704 -0.0254367
0.0442437 -0.0261872
0.0478497 -0.0269029
0.0515874 -0.0275841
0.0554554 -0.0282309
0.0594525 -0.0288434
0.0635773 -0.0294220
0.0678284 -0.0299667
0.0722046 -0.0304778
0.0767043 -0.0309556
0.0813262 -0.0314005
0.0860688 -0.0318126
0.0909306 -0.0321923
0.0959101 -0.0325400
0.1010057 -0.0328560
0.1062159 -0.0331407
0.1115392 -0.0333946
0.1169738 -0.0336181
0.1225183 -0.0338116
0.1281709 -0.0339757
0.1339299 -0.0341108
0.1397938 -0.0342176
0.1457607 -0.0342965
0.1518290 -0.0343482
0.1579970 -0.0343732
0.1642628 -0.0343722
0.1706246 -0.0343459
0.1770808 -0.0342950
0.1836294 -0.0342200
0.1902687 -0.0341219
0.1969968 -0.0340013
0.2038118 -0.0338590
0.2107119 -0.0336958
0.2176951 -0.0335124
0.2247595 -0.0333098
0.2319033 -0.0330888
0.2391244 -0.0328502
0.2464209 -0.0325948
0.2537908 -0.0323237
0.2612322 -0.0320377
0.2687429 -0.0317376
0.2763211 -0.0314245
0.2839645 -0.0310993
0.2916712 -0.0307629
0.2994392 -0.0304162
0.3072662 -0.0300602
0.3151502 -0.0296958
0.3230890 -0.0293241
0.3310805 -0.0289459
0.3391226 -0.0285622
0.3472131 -0.0281739
0.3553497 -0.0277820
0.3635303 -0.0273875
0.3717525 -0.0269912
0.3800143 -0.0265941
0.3883133 -0.0261970
0.3966473 -0.0258008
0.4050139 -0.0254065
0.4134108 -0.0250149
0.4218358 -0.0246268
0.4303444 -0.0242400
0.4388997 -0.0238468
0.4474748 -0.0234473
0.4560672 -0.0230423
0.4646745 -0.0226323
0.4732941 -0.0222181
0.4819236 -0.0218003
0.4905603 -0.0213794
0.4992017 -0.0209562
0.5078453 -0.0205312
0.5164885 -0.0201050
0.5251288 -0.0196781
0.5337635 -0.0192511
0.5423902 -0.0188244
0.5510063 -0.0183987
0.5596091 -0.0179743
0.5681962 -0.0175518
0.5767649 -0.0171315
0.5853126 -0.0167140
0.5938369 -0.0162995
0.6023351 -0.0158885
0.6108047 -0.0154812
0.6192431 -0.0150782
0.6276477 -0.0146795
0.6360161 -0.0142857
0.6443456 -0.0138968
0.6526337 -0.0135132
0.6608779 -0.0131351
0.6690757 -0.0127627
0.6772245 -0.0123961
0.6853219 -0.0120357
0.6933654 -0.0116814
0.7013524 -0.0113334
0.7092806 -0.0109919
0.7171475 -0.0106569
0.7249506 -0.0103286
0.7326876 -0.0100069
0.7403560 -0.0096920
0.7479534 -0.0093838
0.7554775 -0.0090824
0.7629259 -0.0087879
0.7702964 -0.0085001
0.7775865 -0.0082191
0.7847940 -0.0079449
0.7919166 -0.0076774
0.7989522 -0.0074166
0.8058984 -0.0071625
0.8127531 -0.0069149
0.8195141 -0.0066738
0.8261793 -0.0064392
0.8327466 -0.0062110
0.8392138 -0.0059890
0.8455789 -0.0057733
0.8518399 -0.0055637
0.8579947 -0.0053601
0.8640415 -0.0051624
0.8699782 -0.0049707
0.8758030 -0.0047847
0.8815139 -0.0046043
0.8871092 -0.0044296
0.8925870 -0.0042603
0.8979456 -0.0040964
0.9031832 -0.0039379
0.9082981 -0.0037846
0.9132886 -0.0036364
0.9181532 -0.0034933
0.9228902 -0.0033552
0.9274981 -0.0032219
0.9319753 -0.0030935
0.9363205 -0.0029699
0.9405322 -0.0028510
0.9446089 -0.0027367
0.9485494 -0.0026270
0.9523524 -0.0025218
0.9560165 -0.0024211
0.9595406 -0.0023248
0.9629235 -0.0022329
0.9661641 -0.0021453
0.9692613 -0.0020620
0.9722140 -0.0019829
0.9750214 -0.0019081
0.9776824 -0.0018374
0.9801961 -0.0017709
0.9825618 -0.0017086
0.9847786 -0.0016503
0.9868458 -0.0015962
0.9887626 -0.0015461
0.9905285 -0.0015001
0.9921428 -0.0014581
0.9936051 -0.0014202
0.9949147 -0.0013862
0.9960713 -0.0013563
0.9970745 -0.0013304
0.9979239 -0.0013085
0.9986193 -0.0012906
0.9991604 -0.0012767
0.9995470 -0.0012667
0.9997790 -0.0012608
0.9998564 -0.0012588
