AIRFOIL_LNY
1.0001586 0.0008853
1.0000837 0.0009065
0.9998593 0.0009699
0.9994852 0.0010756
0.9989617 0.0012233
0.9982889 0.0014130
0.9974669 0.0016445
0.9964959 0.0019176
0.9953763 0.0022318
0.9941083 0.0025871
0.9926922 0.0029829
0.9911285 0.0034190
0.9894175 0.0038948
0.9875598 0.0044099
0.9855558 0.0049638
0.9834060 0.0055559
0.9811111 0.0061857
0.9786716 0.0068525
0.9760882 0.0075557
0.9733617 0.0082945
0.9704927 0.0090683
0.9674820 0.0098763
0.9643305 0.0107178
0.9610390 0.0115918
0.9576084 0.0124975
0.9540397 0.0134341
0.9503338 0.0144007
0.9464917 0.0153963
0.9425146 0.0164199
0.9384034 0.0174707
0.9341594 0.0185476
0.9297837 0.0196495
0.9252776 0.0207755
0.9206422 0.0219244
0.9158789 0.0230953
0.9109890 0.0242869
0.9059739 0.0254982
0.9008350 0.0267281
0.8955738 0.0279753
0.8901917 0.0292389
0.8846902 0.0305175
0.8790709 0.0318101
0.8733355 0.0331154
0.8674854 0.0344323
0.8615225 0.0357596
0.8554484 0.0370960
0.8492649 0.0384404
0.8429737 0.0397916
0.8365766 0.0411484
0.8300756 0.0425094
0.8234724 0.0438737
0.8167690 0.0452399
0.8099673 0.0466068
0.8030694 0.0479732
0.7960772 0.0493380
0.7889927 0.0507000
0.7818181 0.0520579
0.7745555 0.0534106
0.7672069 0.0547569
0.7597747 0.0560957
0.7522608 0.0574257
0.7446677 0.0587459
0.7369974 0.0600552
0.7292524 0.0613523
0.7214349 0.0626363
0.7135473 0.0639059
0.7055918 0.0651601
0.6975710 0.0663979
0.6894871 0.0676182
0.6813427 0.0688200
0.6731402 0.0700022
0.6648820 0.0711638
0.6565707 0.0723039
0.6482088 0.0734215
0.6397988 0.0745156
0.6313433 0.0755854
0.6228449 0.0766298
0.6143062 0.0776481
0.6057297 0.0786394
0.5971181 0.0796027
0.5884742 0.0805374
0.5798004 0.0814425
0.5710996 0.0823174
0.5623744 0.0831613
0.5536275 0.0839735
0.5448616 0.0847532
0.5360795 0.0854998
0.5272839 0.0862127
0.5184776 0.0868913
0.5096633 0.0875349
0.5008437 0.0881431
0.4920218 0.0887152
0.4832002 0.0892509
0.4743817 0.0897496
0.4655692 0.0902109
0.4567653 0.0906344
0.4479730 0.0910197
0.4391951 0.0913666
0.4304342 0.0916746
0.4216239 0.0919375
0.4128194 0.0921428
0.4040397 0.0922901
0.3952877 0.0923794
0.3865665 0.0924109
0.3778788 0.0923847
0.3692276 0.0923010
0.3606159 0.0921601
0.3520466 0.0919622
0.3435225 0.0917078
0.3350466 0.0913973
0.3266217 0.0910312
0.3182507 0.0906102
0.3099365 0.0901347
0.3016819 0.0896055
0.2934896 0.0890233
0.2853626 0.0883890
0.2773035 0.0877032
0.2693151 0.0869671
0.2614001 0.0861815
0.2535613 0.0853474
0.2458012 0.0844658
0.2381226 0.0835380
0.2305280 0.0825650
0.2230200 0.0815480
0.2156012 0.0804884
0.2082740 0.0793873
0.2010409 0.0782461
0.1939044 0.0770663
0.1868668 0.0758491
0.1799304 0.0745961
0.1730976 0.0733088
0.1663707 0.0719886
0.1597519 0.0706370
0.1532432 0.0692558
0.1468469 0.0678464
0.1405651 0.0664105
0.1343997 0.0649497
0.1283528 0.0634656
0.1224263 0.0619600
0.1166220 0.0604346
0.1109418 0.0588909
0.1053875 0.0573308
0.0999608 0.0557559
0.0946634 0.0541680
0.0894969 0.0525686
0.0844629 0.0509597
0.0795628 0.0493427
0.0747983 0.0477195
0.0701705 0.0460917
0.0656810 0.0444610
0.0613310 0.0428289
0.0571218 0.0411972
0.0530546 0.0395674
0.0491304 0.0379411
0.0453505 0.0363198
0.0417157 0.0347051
0.0382272 0.0330984
0.0348858 0.0315012
0.0316924 0.0299150
0.0286478 0.0283409
0.0257528 0.0267805
0.0230081 0.0252349
0.0204144 0.0237054
0.0179723 0.0221932
0.0156823 0.0206994
0.0135449 0.0192250
0.0115607 0.0177712
0.0097300 0.0163389
0.0080532 0.0149289
0.0065306 0.0135422
0.0051625 0.0121794
0.0039490 0.0108414
0.0028904 0.0095289
0.0019867 0.0082423
0.0012381 0.0069822
0.0006445 0.0057491
0.0002060 0.0045434
-0.0000776 0.0033654
-0.0002064 0.0022154
-0.0001804 0.0010936
0.0000000 0.0000000
0.0003327 -0.0010572
0.0008155 -0.0020701
0.0014481 -0.0030387
0.0022300 -0.0039630
0.0031608 -0.0048431
0.0042400 -0.0056792
0.0054671 -0.0064714
0.0068416 -0.0072198
0.0083627 -0.0079247
0.0100298 -0.0085864
0.0118422 -0.0092050
0.0137992 -0.0097810
0.0158999 -0.0103145
0.0181436 -0.0108060
0.0205292 -0.0112559
0.0230560 -0.0116645
0.0257230 -0.0120323
0.0285291 -0.0123599
0.0314733 -0.0126476
0.0345546 -0.0128960
0.0377718 -0.0131058
0.0411237 -0.0132774
0.0446093 -0.0134115
0.0482273 -0.0135087
0.0519765 -0.0135697
0.0558555 -0.0135952
0.0598630 -0.0135860
0.0639978 -0.0135428
0.0682585 -0.0134663
0.0726435 -0.0133573
0.0771517 -0.0132168
0.0817814 -0.0130456
0.0865312 -0.0128445
0.0913996 -0.0126144
0.0963851 -0.0123563
0.1014861 -0.0120712
0.1067011 -0.0117600
0.1120284 -0.0114237
0.1174665 -0.0110634
0.1230137 -0.0106800
0.1286684 -0.0102747
0.1344289 -0.0098485
0.1402935 -0.0094026
0.1462605 -0.0089380
0.1523281 -0.0084560
0.1584947 -0.0079576
0.1647584 -0.0074440
0.1711175 -0.0069164
0.1775702 -0.0063760
0.1841147 -0.0058240
0.1907492 -0.0052617
0.1974718 -0.0046902
0.2042806 -0.0041108
0.2111738 -0.0035247
0.2181496 -0.0029332
0.2252059 -0.0023375
0.2323409 -0.0017390
0.2395527 -0.0011387
0.2468393 -0.0005381
0.2541988 0.0000617
0.2616291 0.0006594
0.2691283 0.0012537
0.2766944 0.0018435
0.2843254 0.0024274
0.2920192 0.0030044
0.2997737 0.0035730
0.3075870 0.0041323
0.3154569 0.0046809
0.3233813 0.0052178
0.3313582 0.0057418
0.3393853 0.0062517
0.3474605 0.0067465
0.3555817 0.0072250
0.3637467 0.0076863
0.3719533 0.0081294
0.3801993 0.0085531
0.3884825 0.0089566
0.3968006 0.0093389
0.4051513 0.0096992
0.4135324 0.0100364
0.4219416 0.0103500
0.4303927 0.0106392
0.4389356 0.0109150
0.4474985 0.0111823
0.4560789 0.0114408
0.4646744 0.0116897
0.4732823 0.0119287
0.4819003 0.0121573
0.4905258 0.0123749
0.4991563 0.0125812
0.5077892 0.0127757
0.5164219 0.0129581
0.5250521 0.0131280
0.5336770 0.0132851
0.5422942 0.0134292
0.5509010 0.0135599
0.5594950 0.0136770
0.5680735 0.0137804
0.5766340 0.0138698
0.5851740 0.0139451
0.5936909 0.0140062
0.6021820 0.0140531
0.6106449 0.0140856
0.6190770 0.0141038
0.6274757 0.0141076
0.6358385 0.0140971
0.6441629 0.0140724
0.6524463 0.0140335
0.6606861 0.0139806
0.6688800 0.0139138
0.6770252 0.0138334
0.6851195 0.0137394
0.6931602 0.0136322
0.7011448 0.0135120
0.7090710 0.0133790
0.7169362 0.0132336
0.7247381 0.0130761
0.7324741 0.0129068
0.7401420 0.0127261
0.7477392 0.0125344
0.7552634 0.0123320
0.7627123 0.0121194
0.7700835 0.0118971
0.7773748 0.0116654
0.7845837 0.0114248
0.7917081 0.0111759
0.7987456 0.0109190
0.8056941 0.0106547
0.8125514 0.0103835
0.8193152 0.0101060
0.8259834 0.0098225
0.8325540 0.0095338
0.8390247 0.0092402
0.8453935 0.0089424
0.8516583 0.0086409
0.8578173 0.0083363
0.8638683 0.0080290
0.8698094 0.0077196
0.8756387 0.0074088
0.8813543 0.0070969
0.8869543 0.0067846
0.8924370 0.0064725
0.8978005 0.0061610
0.9030431 0.0058507
0.9081630 0.0055420
0.9131587 0.0052356
0.9180284 0.0049320
0.9227705 0.0046315
0.9273836 0.0043348
0.9318660 0.0040424
0.9362163 0.0037546
0.9404330 0.0034720
0.9445148 0.0031950
0.9484602 0.0029240
0.9522681 0.0026596
0.9559370 0.0024020
0.9594658 0.0021517
0.9628533 0.0019091
0.9660984 0.0016746
0.9691999 0.0014486
0.9721569 0.0012313
0.9749683 0.0010231
0.9776332 0.0008243
0.9801506 0.0006353
0.9825198 0.0004563
0.9847400 0.0002875
0.9868103 0.0001293
0.9887301 -0.0000181
0.9904987 -0.0001546
0.9921156 -0.0002799
0.9935801 -0.0003938
0.9948918 -0.0004961
0.9960503 -0.0005868
0.9970550 -0.0006657
0.9979058 -0.0007326
0.9986023 -0.0007875
0.9991443 -0.0008302
0.9995315 -0.0008608
0.9997639 -0.0008792
0.9998414 -0.0008853
