AIRFOIL_LNY
1.0000474 0.0007507
0.9999716 0.0007619
0.9997444 0.0007954
0.9993657 0.0008512
0.9988357 0.0009292
0.9981546 0.0010295
0.9973225 0.0011518
0.9963396 0.0012960
0.9952064 0.0014621
0.9939231 0.0016499
0.9924900 0.0018591
0.9909077 0.0020896
0.9891765 0.0023412
0.9872970 0.0026136
0.9852697 0.0029066
0.9830953 0.0032199
0.9807743 0.0035531
0.9783074 0.0039061
0.9756955 0.0042784
0.9729392 0.0046697
0.9700393 0.0050797
0.9669968 0.0055079
0.9638124 0.0059540
0.9604873 0.0064176
0.9570222 0.0068982
0.9534183 0.0073955
0.9496766 0.0079089
0.9457983 0.0084380
0.9417844 0.0089823
0.9376362 0.0095414
0.9333549 0.0101147
0.9289418 0.0107018
0.9243981 0.0113021
0.9197252 0.0119151
0.9149246 0.0125404
0.9099976 0.0131772
0.9049457 0.0138252
0.8997704 0.0144838
0.8944733 0.0151523
0.8890559 0.0158303
0.8835198 0.0165171
0.8778667 0.0172123
0.8720983 0.0179152
0.8662164 0.0186253
0.8602226 0.0193419
0.8541187 0.0200646
0.8479067 0.0207926
0.8415883 0.0215255
0.8351654 0.0222626
0.8286401 0.0230034
0.8220141 0.0237473
0.8152896 0.0244936
0.8084685 0.0252419
0.8015529 0.0259915
0.7945449 0.0267418
0.7874466 0.0274922
0.7802601 0.0282422
0.7729876 0.0289912
0.7656313 0.0297386
0.7581933 0.0304839
0.7506761 0.0312264
0.7430817 0.0319656
0.7354126 0.0327009
0.7276710 0.0334318
0.7198593 0.0341576
0.7119799 0.0348779
0.7040351 0.0355921
0.6960273 0.0362996
0.6879590 0.0369999
0.6798326 0.0376924
0.6716507 0.0383766
0.6634156 0.0390520
0.6551298 0.0397180
0.6467960 0.0403742
0.6384167 0.0410199
0.6299943 0.0416546
0.6215315 0.0422780
0.6130308 0.0428894
0.6044949 0.0434883
0.5959263 0.0440743
0.5873276 0.0446469
0.5787016 0.0452055
0.5700508 0.0457498
0.5613778 0.0462793
0.5526854 0.0467934
0.5439762 0.0472918
0.5352529 0.0477739
0.5265181 0.0482395
0.5177745 0.0486879
0.5090248 0.0491190
0.5002717 0.0495321
0.4915179 0.0499269
0.4827661 0.0503031
0.4740189 0.0506603
0.4652792 0.0509980
0.4565495 0.0513161
0.4478325 0.0516140
0.4391310 0.0518915
0.4304476 0.0521483
0.4217851 0.0523841
0.4131195 0.0525955
0.4044777 0.0527781
0.3958645 0.0529318
0.3872826 0.0530563
0.3787348 0.0531516
0.3702237 0.0532176
0.3617519 0.0532541
0.3533222 0.0532612
0.3449373 0.0532388
0.3365996 0.0531868
0.3283119 0.0531055
0.3200768 0.0529946
0.3118969 0.0528545
0.3037748 0.0526852
0.2957130 0.0524867
0.2877141 0.0522594
0.2797805 0.0520033
0.2719149 0.0517188
0.2641197 0.0514059
0.2563974 0.0510652
0.2487503 0.0506967
0.2411810 0.0503009
0.2336918 0.0498781
0.2262850 0.0494288
0.2189630 0.0489532
0.2117281 0.0484519
0.2045827 0.0479253
0.1975288 0.0473738
0.1905688 0.0467981
0.1837049 0.0461986
0.1769391 0.0455758
0.1702737 0.0449304
0.1637107 0.0442630
0.1572521 0.0435741
0.1509000 0.0428644
0.1446563 0.0421345
0.1385230 0.0413851
0.1325021 0.0406170
0.1265953 0.0398307
0.1208045 0.0390270
0.1151314 0.0382067
0.1095779 0.0373704
0.1041457 0.0365189
0.0988364 0.0356530
0.0936516 0.0347734
0.0885929 0.0338809
0.0836618 0.0329762
0.0788600 0.0320601
0.0741887 0.0311334
0.0696494 0.0301969
0.0652436 0.0292513
0.0609724 0.0282974
0.0568372 0.0273360
0.0528393 0.0263678
0.0489797 0.0253935
0.0452597 0.0244139
0.0416803 0.0234298
0.0382426 0.0224418
0.0349476 0.0214506
0.0317962 0.0204569
0.0287894 0.0194615
0.0259280 0.0184648
0.0232129 0.0174677
0.0206448 0.0164706
0.0182244 0.0154741
0.0159524 0.0144789
0.0138294 0.0134855
0.0118561 0.0124944
0.0100330 0.0115060
0.0083605 0.0105209
0.0068391 0.0095394
0.0054692 0.0085620
0.0042512 0.0075891
0.0031853 0.0066209
0.0022718 0.0056579
0.0015110 0.0047002
0.0009029 0.0037482
0.0004477 0.0028019
0.0001455 0.0018618
-0.0000037 0.0009277
0.0000000 0.0000000
0.0001560 -0.0009145
0.0004637 -0.0018089
0.0009228 -0.0026832
0.0015331 -0.0035371
0.0022943 -0.0043708
0.0032063 -0.0051842
0.0042685 -0.0059772
0.0054807 -0.0067497
0.0068424 -0.0075018
0.0083531 -0.0082334
0.0100123 -0.0089444
0.0118194 -0.0096349
0.0137738 -0.0103048
0.0158748 -0.0109541
0.0181218 -0.0115828
0.0205139 -0.0121908
0.0230505 -0.0127783
0.0257306 -0.0133451
0.0285534 -0.0138914
0.0315180 -0.0144170
0.0346234 -0.0149222
0.0378686 -0.0154068
0.0412526 -0.0158709
0.0447743 -0.0163147
0.0484325 -0.0167381
0.0522263 -0.0171413
0.0561542 -0.0175242
0.0602152 -0.0178871
0.0644079 -0.0182301
0.0687310 -0.0185532
0.0731833 -0.0188566
0.0777632 -0.0191405
0.0824695 -0.0194049
0.0873006 -0.0196501
0.0922551 -0.0198763
0.0973315 -0.0200837
0.1025281 -0.0202725
0.1078435 -0.0204428
0.1132761 -0.0205951
0.1188241 -0.0207294
0.1244860 -0.0208462
0.1302599 -0.0209456
0.1361442 -0.0210281
0.1421372 -0.0210939
0.1482369 -0.0211433
0.1544417 -0.0211768
0.1607496 -0.0211946
0.1671587 -0.0211971
0.1736673 -0.0211849
0.1802733 -0.0211581
0.1869747 -0.0211174
0.1937697 -0.0210630
0.2006562 -0.0209955
0.2076321 -0.0209154
0.2146954 -0.0208230
0.2218441 -0.0207189
0.2290760 -0.0206035
0.2363890 -0.0204774
0.2437809 -0.0203411
0.2512497 -0.0201951
0.2587930 -0.0200398
0.2664087 -0.0198760
0.2740946 -0.0197040
0.2818483 -0.0195245
0.2896677 -0.0193379
0.2975504 -0.0191449
0.3054941 -0.0189460
0.3134965 -0.0187417
0.3215552 -0.0185326
0.3296679 -0.0183193
0.3378322 -0.0181023
0.3460458 -0.0178822
0.3543060 -0.0176594
0.3626107 -0.0174346
0.3709573 -0.0172084
0.3793433 -0.0169811
0.3877663 -0.0167534
0.3962238 -0.0165257
0.4047133 -0.0162987
0.4132324 -0.0160727
0.4217804 -0.0158482
0.4303793 -0.0156217
0.4389996 -0.0153905
0.4476390 -0.0151550
0.4562948 -0.0149157
0.4649644 -0.0146728
0.4736451 -0.0144268
0.4823344 -0.0141781
0.4910297 -0.0139270
0.4997283 -0.0136739
0.5084276 -0.0134191
0.5171250 -0.0131630
0.5258179 -0.0129059
0.5345036 -0.0126481
0.5431795 -0.0123899
0.5518430 -0.0121317
0.5604915 -0.0118737
0.5691223 -0.0116161
0.5777329 -0.0113594
0.5863205 -0.0111036
0.5948827 -0.0108491
0.6034168 -0.0105960
0.6119202 -0.0103446
0.6203904 -0.0100951
0.6288248 -0.0098477
0.6372207 -0.0096026
0.6455757 -0.0093599
0.6538871 -0.0091197
0.6621526 -0.0088823
0.6703695 -0.0086478
0.6785353 -0.0084162
0.6866476 -0.0081878
0.6947038 -0.0079626
0.7027016 -0.0077406
0.7106384 -0.0075220
0.7185118 -0.0073069
0.7263195 -0.0070953
0.7340589 -0.0068873
0.7417279 -0.0066828
0.7493239 -0.0064820
0.7568447 -0.0062849
0.7642880 -0.0060915
0.7716515 -0.0059019
0.7789328 -0.0057159
0.7861299 -0.0055338
0.7932403 -0.0053553
0.8002621 -0.0051806
0.8071930 -0.0050096
0.8140308 -0.0048424
0.8207735 -0.0046788
0.8274190 -0.0045190
0.8339652 -0.0043628
0.8404101 -0.0042103
0.8467517 -0.0040613
0.8529880 -0.0039160
0.8591172 -0.0037742
0.8651373 -0.0036360
0.8710465 -0.0035012
0.8768429 -0.0033700
0.8825246 -0.0032422
0.8880901 -0.0031178
0.8935375 -0.0029968
0.8988651 -0.0028792
0.9040713 -0.0027648
0.9091544 -0.0026538
0.9141130 -0.0025461
0.9189453 -0.0024417
0.9236500 -0.0023405
0.9282255 -0.0022424
0.9326705 -0.0021476
0.9369835 -0.0020560
0.9411632 -0.0019675
0.9452082 -0.0018822
0.9491174 -0.0018000
0.9528895 -0.0017210
0.9565232 -0.0016450
0.9600176 -0.0015722
0.9633714 -0.0015025
0.9665836 -0.0014358
0.9696533 -0.0013723
0.9725794 -0.0013118
0.9753610 -0.0012544
0.9779973 -0.0012001
0.9804874 -0.0011489
0.9828306 -0.0011008
0.9850260 -0.0010557
0.9870731 -0.0010138
0.9889711 -0.0009749
0.9907195 -0.0009392
0.9923177 -0.0009065
0.9937653 -0.0008769
0.9950617 -0.0008504
0.9962065 -0.0008271
0.9971994 -0.0008068
0.9980401 -0.0007897
0.9987283 -0.0007756
0.9992638 -0.0007647
0.9996464 -0.0007569
0.9998761 -0.0007523
0.9999526 -0.0007507
