AIRFOIL_LNY
1.0000214 0.0016851
0.9999455 0.0017003
0.9997176 0.0017461
0.9993378 0.0018223
0.9988063 0.0019289
0.9981232 0.0020658
0.9972887 0.0022329
0.9963031 0.0024300
0.9951667 0.0026570
0.9938797 0.0029136
0.9924426 0.0031996
0.9908559 0.0035147
0.9891199 0.0038588
0.9872353 0.0042314
0.9852024 0.0046323
0.9830221 0.0050611
0.9806949 0.0055174
0.9782215 0.0060009
0.9756027 0.0065111
0.9728392 0.0070475
0.9699319 0.0076099
0.9668816 0.0081975
0.9636892 0.0088101
0.9603558 0.0094470
0.9568823 0.0101078
0.9532697 0.0107918
0.9495191 0.0114987
0.9456317 0.0122277
0.9416086 0.0129783
0.9374510 0.0137499
0.9331601 0.0145419
0.9287374 0.0153537
0.9241840 0.0161847
0.9195013 0.0170342
0.9146908 0.0179016
0.9097539 0.0187862
0.9046921 0.0196875
0.8995069 0.0206046
0.8941998 0.0215371
0.8887725 0.0224841
0.8832266 0.0234450
0.8775638 0.0244191
0.8717857 0.0254058
0.8658942 0.0264044
0.8598909 0.0274141
0.8537777 0.0284343
0.8475565 0.0294642
0.8412291 0.0305032
0.8347974 0.0315506
0.8282634 0.0326056
0.8216291 0.0336676
0.8148964 0.0347359
0.8080674 0.0358096
0.8011441 0.0368883
0.7941287 0.0379710
0.7870232 0.0390571
0.7798299 0.0401460
0.7725509 0.0412367
0.7651884 0.0423288
0.7577446 0.0434213
0.7502218 0.0445137
0.7426223 0.0456051
0.7349484 0.0466948
0.7272024 0.0477822
0.7193867 0.0488664
0.7115036 0.0499467
0.7035555 0.0510223
0.6955449 0.0520926
0.6874742 0.0531568
0.6793458 0.0542141
0.6711623 0.0552636
0.6629260 0.0563048
0.6546396 0.0573368
0.6463055 0.0583587
0.6379263 0.0593700
0.6295045 0.0603696
0.6210427 0.0613569
0.6125435 0.0623311
0.6040095 0.0632913
0.5954432 0.0642368
0.5868474 0.0651667
0.5782246 0.0660803
0.5695815 0.0669768
0.5609203 0.0678562
0.5522403 0.0687178
0.5435441 0.0695608
0.5348344 0.0703844
0.5261138 0.0711877
0.5173850 0.0719699
0.5086508 0.0727302
0.4999136 0.0734678
0.4911763 0.0741818
0.4824414 0.0748715
0.4737117 0.0755360
0.4649899 0.0761746
0.4562785 0.0767863
0.4475804 0.0773705
0.4388980 0.0779264
0.4302341 0.0784531
0.4215914 0.0789499
0.4129724 0.0794160
0.4043799 0.0798508
0.3958165 0.0802534
0.3872847 0.0806232
0.3787872 0.0809595
0.3703267 0.0812616
0.3619056 0.0815288
0.3535266 0.0817606
0.3451922 0.0819563
0.3369051 0.0821153
0.3286677 0.0822371
0.3204826 0.0823211
0.3123522 0.0823669
0.3042792 0.0823739
0.2962658 0.0823417
0.2883147 0.0822700
0.2804283 0.0821582
0.2726089 0.0820062
0.2648590 0.0818135
0.2571809 0.0815799
0.2495770 0.0813052
0.2420497 0.0809891
0.2346012 0.0806315
0.2272338 0.0802323
0.2199498 0.0797913
0.2127514 0.0793085
0.2056409 0.0787840
0.1986203 0.0782177
0.1916919 0.0776097
0.1848578 0.0769601
0.1781201 0.0762691
0.1714808 0.0755369
0.1649419 0.0747635
0.1585055 0.0739495
0.1521736 0.0730949
0.1459480 0.0722002
0.1398308 0.0712657
0.1338236 0.0702918
0.1279285 0.0692790
0.1221471 0.0682277
0.1164813 0.0671385
0.1109327 0.0660118
0.1055031 0.0648482
0.1001942 0.0636483
0.0950075 0.0624127
0.0899446 0.0611420
0.0850071 0.0598369
0.0801965 0.0584981
0.0755142 0.0571262
0.0709616 0.0557219
0.0665402 0.0542860
0.0622513 0.0528191
0.0580962 0.0513221
0.0540761 0.0497956
0.0501922 0.0482405
0.0464459 0.0466574
0.0428380 0.0450471
0.0393699 0.0434104
0.0360424 0.0417480
0.0328567 0.0400606
0.0298137 0.0383490
0.0269142 0.0366139
0.0241592 0.0348560
0.0215495 0.0330760
0.0190859 0.0312746
0.0167692 0.0294524
0.0145999 0.0276101
0.0125788 0.0257483
0.0107064 0.0238676
0.0089834 0.0219685
0.0074103 0.0200516
0.0059874 0.0181174
0.0047153 0.0161663
0.0035943 0.0141989
0.0026247 0.0122156
0.0018068 0.0102167
0.0011409 0.0082026
0.0006272 0.0061736
0.0002657 0.0041300
0.0000566 0.0020721
0.0000000 0.0000000
0.0000957 -0.0020707
0.0003435 -0.0041243
0.0007433 -0.0061607
0.0012950 -0.0081797
0.0019985 -0.0101809
0.0028534 -0.0121641
0.0038596 -0.0141289
0.0050166 -0.0160750
0.0063242 -0.0180019
0.0077820 -0.0199093
0.0093894 -0.0217967
0.0111460 -0.0236635
0.0130512 -0.0255094
0.0151044 -0.0273338
0.0173050 -0.0291360
0.0196524 -0.0309156
0.0221457 -0.0326720
0.0247843 -0.0344045
0.0275672 -0.0361126
0.0304937 -0.0377955
0.0335629 -0.0394526
0.0367737 -0.0410834
0.0401253 -0.0426870
0.0436165 -0.0442629
0.0472464 -0.0458103
0.0510137 -0.0473285
0.0549174 -0.0488170
0.0589562 -0.0502750
0.0631290 -0.0517018
0.0674344 -0.0530968
0.0718711 -0.0544593
0.0764377 -0.0557886
0.0811329 -0.0570842
0.0859553 -0.0583454
0.0909033 -0.0595716
0.0959755 -0.0607622
0.1011703 -0.0619166
0.1064861 -0.0630344
0.1119213 -0.0641150
0.1174743 -0.0651578
0.1231433 -0.0661625
0.1289267 -0.0671286
0.1348227 -0.0680557
0.1408294 -0.0689434
0.1469452 -0.0697914
0.1531680 -0.0705993
0.1594961 -0.0713669
0.1659275 -0.0720940
0.1724602 -0.0727803
0.1790923 -0.0734256
0.1858218 -0.0740299
0.1926466 -0.0745930
0.1995646 -0.0751150
0.2065739 -0.0755957
0.2136721 -0.0760352
0.2208573 -0.0764335
0.2281272 -0.0767908
0.2354796 -0.0771072
0.2429122 -0.0773828
0.2504230 -0.0776179
0.2580095 -0.0778127
0.2656695 -0.0779676
0.2734006 -0.0780827
0.2812006 -0.0781585
0.2890670 -0.0781954
0.2969975 -0.0781937
0.3049897 -0.0781540
0.3130412 -0.0780766
0.3211495 -0.0779622
0.3293122 -0.0778113
0.3375268 -0.0776244
0.3457908 -0.0774021
0.3541017 -0.0771450
0.3624571 -0.0768538
0.3708543 -0.0765292
0.3792909 -0.0761718
0.3877642 -0.0757822
0.3962718 -0.0753614
0.4048111 -0.0749099
0.4133794 -0.0744286
0.4219741 -0.0739181
0.4305928 -0.0733793
0.4392327 -0.0728129
0.4478912 -0.0722198
0.4565657 -0.0716008
0.4652536 -0.0709566
0.4739523 -0.0702881
0.4826591 -0.0695960
0.4913713 -0.0688813
0.5000864 -0.0681447
0.5088017 -0.0673871
0.5175145 -0.0666092
0.5262221 -0.0658120
0.5349221 -0.0649962
0.5436116 -0.0641626
0.5522882 -0.0633121
0.5609490 -0.0624454
0.5695916 -0.0615634
0.5782099 -0.0606669
0.5868008 -0.0597576
0.5953658 -0.0588363
0.6039022 -0.0579037
0.6124076 -0.0569608
0.6208792 -0.0560081
0.6293146 -0.0550464
0.6377111 -0.0540766
0.6460662 -0.0530992
0.6543774 -0.0521150
0.6626421 -0.0511247
0.6708579 -0.0501291
0.6790221 -0.0491287
0.6871324 -0.0481243
0.6951862 -0.0471165
0.7031811 -0.0461060
0.7111147 -0.0450934
0.7189844 -0.0440794
0.7267881 -0.0430646
0.7345231 -0.0420497
0.7421873 -0.0410352
0.7497782 -0.0400218
0.7572935 -0.0390101
0.7647309 -0.0380006
0.7720881 -0.0369941
0.7793630 -0.0359910
0.7865532 -0.0349919
0.7936566 -0.0339975
0.8006709 -0.0330082
0.8075941 -0.0320248
0.8144240 -0.0310477
0.8211585 -0.0300775
0.8277956 -0.0291148
0.8343332 -0.0281601
0.8407692 -0.0272140
0.8471018 -0.0262771
0.8533290 -0.0253498
0.8594489 -0.0244329
0.8654595 -0.0235267
0.8713591 -0.0226318
0.8771458 -0.0217488
0.8828178 -0.0208782
0.8883734 -0.0200206
0.8938109 -0.0191765
0.8991286 -0.0183464
0.9043249 -0.0175309
0.9093981 -0.0167304
0.9143468 -0.0159455
0.9191693 -0.0151767
0.9238641 -0.0144245
0.9284299 -0.0136894
0.9328653 -0.0129720
0.9371687 -0.0122726
0.9413390 -0.0115918
0.9453748 -0.0109301
0.9492749 -0.0102880
0.9530381 -0.0096658
0.9566632 -0.0090640
0.9601490 -0.0084831
0.9634946 -0.0079236
0.9666988 -0.0073857
0.9697608 -0.0068700
0.9726794 -0.0063768
0.9754538 -0.0059065
0.9780832 -0.0054594
0.9805668 -0.0050359
0.9829037 -0.0046364
0.9850933 -0.0042611
0.9871348 -0.0039103
0.9890277 -0.0035844
0.9907713 -0.0032836
0.9923651 -0.0030081
0.9938086 -0.0027581
0.9951014 -0.0025339
0.9962430 -0.0023356
0.9972332 -0.0021635
0.9980715 -0.0020175
0.9987578 -0.0018980
0.9992917 -0.0018049
0.9996733 -0.0017384
0.9999022 -0.0016984
0.9999786 -0.0016851
