AIRFOIL_LNY
1.0000405 0.0007591
0.9999647 0.0007696
0.9997372 0.0008010
0.9993583 0.0008535
0.9988279 0.0009268
0.9981463 0.0010210
0.9973135 0.0011360
0.9963300 0.0012716
0.9951959 0.0014277
0.9939117 0.0016042
0.9924776 0.0018010
0.9908942 0.0020179
0.9891618 0.0022546
0.9872811 0.0025110
0.9852525 0.0027868
0.9830766 0.0030819
0.9807542 0.0033959
0.9782858 0.0037285
0.9756723 0.0040796
0.9729144 0.0044487
0.9700129 0.0048357
0.9669688 0.0052400
0.9637828 0.0056615
0.9604559 0.0060997
0.9569892 0.0065543
0.9533837 0.0070250
0.9496404 0.0075112
0.9457604 0.0080126
0.9417450 0.0085289
0.9375953 0.0090595
0.9333125 0.0096041
0.9288980 0.0101622
0.9243530 0.0107334
0.9196790 0.0113173
0.9148772 0.0119133
0.9099492 0.0125210
0.9048965 0.0131399
0.8997204 0.0137696
0.8944227 0.0144096
0.8890048 0.0150594
0.8834685 0.0157184
0.8778153 0.0163863
0.8720469 0.0170625
0.8661652 0.0177465
0.8601718 0.0184378
0.8540686 0.0191359
0.8478574 0.0198403
0.8415400 0.0205505
0.8351185 0.0212660
0.8285946 0.0219863
0.8219704 0.0227108
0.8152479 0.0234390
0.8084290 0.0241705
0.8015160 0.0249047
0.7945107 0.0256411
0.7874155 0.0263791
0.7802323 0.0271184
0.7729634 0.0278584
0.7656110 0.0285985
0.7581772 0.0293382
0.7506644 0.0300771
0.7430749 0.0308146
0.7354108 0.0315502
0.7276746 0.0322834
0.7198685 0.0330137
0.7119951 0.0337407
0.7040565 0.0344637
0.6960553 0.0351823
0.6879939 0.0358960
0.6798747 0.0366043
0.6717001 0.0373067
0.6634728 0.0380027
0.6551951 0.0386919
0.6468697 0.0393736
0.6384989 0.0400474
0.6300854 0.0407129
0.6216318 0.0413696
0.6131406 0.0420169
0.6046143 0.0426544
0.5960557 0.0432816
0.5874673 0.0438980
0.5788516 0.0445032
0.5702115 0.0450967
0.5615494 0.0456781
0.5528681 0.0462468
0.5441702 0.0468025
0.5354583 0.0473447
0.5267352 0.0478728
0.5180034 0.0483866
0.5092656 0.0488856
0.5005246 0.0493693
0.4917831 0.0498373
0.4830436 0.0502892
0.4743088 0.0507247
0.4655815 0.0511432
0.4568643 0.0515445
0.4481599 0.0519281
0.4394710 0.0522938
0.4308002 0.0526410
0.4221502 0.0529696
0.4135237 0.0532790
0.4049233 0.0535692
0.3963516 0.0538396
0.3878113 0.0540901
0.3793051 0.0543203
0.3708354 0.0545300
0.3624050 0.0547189
0.3540165 0.0548869
0.3456723 0.0550335
0.3373752 0.0551588
0.3291276 0.0552624
0.3209321 0.0553442
0.3127912 0.0554040
0.3047075 0.0554418
0.2966834 0.0554573
0.2887213 0.0554506
0.2808238 0.0554214
0.2729273 0.0553659
0.2650472 0.0552643
0.2572405 0.0551147
0.2495100 0.0549178
0.2418581 0.0546745
0.2342874 0.0543855
0.2268004 0.0540518
0.2193996 0.0536742
0.2120874 0.0532538
0.2048662 0.0527916
0.1977385 0.0522886
0.1907064 0.0517458
0.1837724 0.0511644
0.1769387 0.0505456
0.1702075 0.0498904
0.1635811 0.0492002
0.1570615 0.0484761
0.1506509 0.0477195
0.1443514 0.0469315
0.1381649 0.0461135
0.1320934 0.0452668
0.1261390 0.0443927
0.1203034 0.0434927
0.1145885 0.0425680
0.1089961 0.0416200
0.1035279 0.0406502
0.0981857 0.0396598
0.0929711 0.0386503
0.0878856 0.0376231
0.0829310 0.0365796
0.0781085 0.0355210
0.0734198 0.0344490
0.0688662 0.0333647
0.0644490 0.0322695
0.0601696 0.0311648
0.0560292 0.0300519
0.0520290 0.0289322
0.0481701 0.0278068
0.0444537 0.0266771
0.0408807 0.0255442
0.0374523 0.0244095
0.0341692 0.0232741
0.0310325 0.0221391
0.0280429 0.0210056
0.0252013 0.0198748
0.0225084 0.0187476
0.0199648 0.0176250
0.0175712 0.0165081
0.0153282 0.0153978
0.0132363 0.0142948
0.0112961 0.0132000
0.0095078 0.0121143
0.0078720 0.0110383
0.0063890 0.0099727
0.0050590 0.0089181
0.0038824 0.0078751
0.0028592 0.0068443
0.0019896 0.0058260
0.0012737 0.0048208
0.0007116 0.0038289
0.0003033 0.0028507
0.0000486 0.0018863
-0.0000524 0.0009361
0.0000000 0.0000000
0.0002047 -0.0009149
0.0005605 -0.0018017
0.0010672 -0.0026605
0.0017243 -0.0034911
0.0025316 -0.0042938
0.0034885 -0.0050686
0.0045947 -0.0058155
0.0058496 -0.0065347
0.0072526 -0.0072263
0.0088032 -0.0078905
0.0105008 -0.0085275
0.0123446 -0.0091376
0.0143339 -0.0097209
0.0164679 -0.0102777
0.0187460 -0.0108084
0.0211671 -0.0113132
0.0237305 -0.0117925
0.0264351 -0.0122467
0.0292801 -0.0126761
0.0322644 -0.0130812
0.0353871 -0.0134624
0.0386469 -0.0138201
0.0420429 -0.0141549
0.0455738 -0.0144673
0.0492386 -0.0147577
0.0530359 -0.0150268
0.0569645 -0.0152751
0.0610232 -0.0155033
0.0652107 -0.0157119
0.0695256 -0.0159016
0.0739665 -0.0160731
0.0785321 -0.0162270
0.0832209 -0.0163641
0.0880315 -0.0164851
0.0929623 -0.0165907
0.0980119 -0.0166817
0.1031788 -0.0167589
0.1084613 -0.0168231
0.1138580 -0.0168751
0.1193671 -0.0169158
0.1249870 -0.0169460
0.1307162 -0.0169666
0.1365528 -0.0169785
0.1424953 -0.0169826
0.1485418 -0.0169798
0.1546907 -0.0169710
0.1609401 -0.0169571
0.1672883 -0.0169392
0.1737334 -0.0169181
0.1802737 -0.0168949
0.1869072 -0.0168705
0.1936321 -0.0168460
0.2004465 -0.0168221
0.2073485 -0.0168001
0.2143361 -0.0167808
0.2214075 -0.0167653
0.2285605 -0.0167545
0.2357933 -0.0167495
0.2431038 -0.0167512
0.2504900 -0.0167606
0.2579499 -0.0167786
0.2654813 -0.0168064
0.2730822 -0.0168448
0.2808050 -0.0168921
0.2886604 -0.0169299
0.2965800 -0.0169547
0.3045614 -0.0169667
0.3126022 -0.0169663
0.3206999 -0.0169537
0.3288522 -0.0169293
0.3370566 -0.0168935
0.3453107 -0.0168464
0.3536118 -0.0167886
0.3619576 -0.0167204
0.3703455 -0.0166420
0.3787731 -0.0165539
0.3872376 -0.0164563
0.3957367 -0.0163498
0.4042677 -0.0162346
0.4128281 -0.0161110
0.4214153 -0.0159796
0.4300267 -0.0158405
0.4386596 -0.0156942
0.4473116 -0.0155411
0.4559799 -0.0153815
0.4646620 -0.0152157
0.4733552 -0.0150441
0.4820570 -0.0148671
0.4907645 -0.0146850
0.4994754 -0.0144981
0.5081868 -0.0143067
0.5168961 -0.0141113
0.5256008 -0.0139120
0.5342982 -0.0137093
0.5429855 -0.0135033
0.5516603 -0.0132945
0.5603199 -0.0130830
0.5689616 -0.0128693
0.5775828 -0.0126534
0.5861809 -0.0124358
0.5947533 -0.0122167
0.6032974 -0.0119962
0.6118105 -0.0117747
0.6202901 -0.0115523
0.6287336 -0.0113293
0.6371384 -0.0111059
0.6455020 -0.0108823
0.6538219 -0.0106586
0.6620954 -0.0104351
0.6703200 -0.0102120
0.6784933 -0.0099893
0.6866127 -0.0097673
0.6946758 -0.0095461
0.7026801 -0.0093258
0.7106232 -0.0091066
0.7185026 -0.0088886
0.7263159 -0.0086720
0.7340608 -0.0084567
0.7417348 -0.0082430
0.7493356 -0.0080310
0.7568608 -0.0078207
0.7643083 -0.0076122
0.7716756 -0.0074056
0.7789606 -0.0072011
0.7861610 -0.0069986
0.7932745 -0.0067983
0.8002991 -0.0066002
0.8072324 -0.0064044
0.8140725 -0.0062109
0.8208172 -0.0060198
0.8274644 -0.0058313
0.8340122 -0.0056453
0.8404583 -0.0054618
0.8468010 -0.0052810
0.8530382 -0.0051029
0.8591680 -0.0049276
0.8651885 -0.0047551
0.8710979 -0.0045855
0.8768943 -0.0044187
0.8825760 -0.0042550
0.8881411 -0.0040942
0.8935881 -0.0039366
0.8989151 -0.0037820
0.9041205 -0.0036307
0.9092028 -0.0034826
0.9141603 -0.0033378
0.9189916 -0.0031963
0.9236951 -0.0030582
0.9282693 -0.0029236
0.9327129 -0.0027925
0.9370244 -0.0026650
0.9412026 -0.0025411
0.9452461 -0.0024209
0.9491537 -0.0023045
0.9529241 -0.0021918
0.9565563 -0.0020830
0.9600489 -0.0019781
0.9634011 -0.0018772
0.9666117 -0.0017804
0.9696797 -0.0016876
0.9726042 -0.0015989
0.9753842 -0.0015144
0.9780189 -0.0014342
0.9805075 -0.0013583
0.9828492 -0.0012867
0.9850433 -0.0012195
0.9870890 -0.0011567
0.9889858 -0.0010984
0.9907330 -0.0010446
0.9923301 -0.0009953
0.9937766 -0.0009507
0.9950721 -0.0009106
0.9962161 -0.0008752
0.9972084 -0.0008445
0.9980484 -0.0008184
0.9987362 -0.0007971
0.9992713 -0.0007804
0.9996536 -0.0007686
0.9998830 -0.0007614
0.9999595 -0.0007591
