AIRFOIL_LNY
1.0000941 0.0013680
1.0000188 0.0013849
0.9997927 0.0014354
0.9994160 0.0015195
0.9988887 0.0016372
0.9982111 0.0017883
0.9973833 0.0019727
0.9964055 0.0021903
0.9952780 0.0024408
0.9940012 0.0027241
0.9925754 0.0030398
0.9910010 0.0033877
0.9892785 0.0037676
0.9874084 0.0041790
0.9853911 0.0046216
0.9832273 0.0050951
0.9809176 0.0055989
0.9784627 0.0061328
0.9758632 0.0066962
0.9731200 0.0072886
0.9702337 0.0079096
0.9672053 0.0085587
0.9640355 0.0092352
0.9607254 0.0099386
0.9572759 0.0106684
0.9536879 0.0114239
0.9499625 0.0122045
0.9461008 0.0130097
0.9421039 0.0138387
0.9379730 0.0146908
0.9337092 0.0155655
0.9293139 0.0164619
0.9247882 0.0173795
0.9201335 0.0183175
0.9153512 0.0192751
0.9104426 0.0202517
0.9054093 0.0212465
0.9002525 0.0222587
0.8949740 0.0232875
0.8895752 0.0243323
0.8840577 0.0253923
0.8784232 0.0264665
0.8726732 0.0275544
0.8668095 0.0286550
0.8608339 0.0297677
0.8547480 0.0308915
0.8485537 0.0320258
0.8422528 0.0331696
0.8358472 0.0343222
0.8293388 0.0354829
0.8227295 0.0366506
0.8160212 0.0378248
0.8092161 0.0390045
0.8023160 0.0401890
0.7953232 0.0413774
0.7882395 0.0425689
0.7810672 0.0437627
0.7738085 0.0449580
0.7664654 0.0461540
0.7590402 0.0473499
0.7515351 0.0485448
0.7439524 0.0497379
0.7362943 0.0509285
0.7285631 0.0521157
0.7207613 0.0532987
0.7128910 0.0544767
0.7049547 0.0556489
0.6969549 0.0568144
0.6888938 0.0579725
0.6807740 0.0591224
0.6725979 0.0602632
0.6643679 0.0613941
0.6560867 0.0625143
0.6477566 0.0636230
0.6393802 0.0647195
0.6309601 0.0658028
0.6224989 0.0668723
0.6139990 0.0679270
0.6054632 0.0689663
0.5968939 0.0699892
0.5882939 0.0709951
0.5796657 0.0719830
0.5710120 0.0729524
0.5623354 0.0739022
0.5536386 0.0748318
0.5449244 0.0757405
0.5361952 0.0766273
0.5274539 0.0774916
0.5187031 0.0783327
0.5099455 0.0791497
0.5011838 0.0799419
0.4924207 0.0807086
0.4836590 0.0814491
0.4749013 0.0821627
0.4661503 0.0828486
0.4574088 0.0835062
0.4486794 0.0841349
0.4399649 0.0847339
0.4312680 0.0853026
0.4225914 0.0858405
0.4139377 0.0863468
0.4053097 0.0868210
0.3967101 0.0872625
0.3881415 0.0876709
0.3796066 0.0880455
0.3711080 0.0883858
0.3626485 0.0886914
0.3542307 0.0889619
0.3458572 0.0891967
0.3375306 0.0893955
0.3292535 0.0895579
0.3210285 0.0896836
0.3128583 0.0897722
0.3047453 0.0898235
0.2966921 0.0898372
0.2887012 0.0898130
0.2805722 0.0897407
0.2724601 0.0895991
0.2644211 0.0893881
0.2564582 0.0891087
0.2485741 0.0887615
0.2407719 0.0883477
0.2330542 0.0878681
0.2254238 0.0873239
0.2178836 0.0867161
0.2104362 0.0860459
0.2030842 0.0853146
0.1958302 0.0845234
0.1886769 0.0836737
0.1816268 0.0827670
0.1746823 0.0818045
0.1678459 0.0807880
0.1611200 0.0797188
0.1545068 0.0785986
0.1480086 0.0774291
0.1416277 0.0762118
0.1353662 0.0749484
0.1292263 0.0736408
0.1232099 0.0722906
0.1173190 0.0708996
0.1115556 0.0694697
0.1059216 0.0680026
0.1004186 0.0665002
0.0950486 0.0649643
0.0898131 0.0633968
0.0847138 0.0617995
0.0797522 0.0601744
0.0749298 0.0585232
0.0702481 0.0568478
0.0657084 0.0551500
0.0613119 0.0534318
0.0570600 0.0516948
0.0529539 0.0499409
0.0489945 0.0481719
0.0451830 0.0463895
0.0415203 0.0445953
0.0380075 0.0427912
0.0346452 0.0409787
0.0314344 0.0391595
0.0283758 0.0373350
0.0254700 0.0355069
0.0227177 0.0336766
0.0201195 0.0318454
0.0176758 0.0300149
0.0153871 0.0281862
0.0132538 0.0263607
0.0112762 0.0245395
0.0094546 0.0227237
0.0077893 0.0209144
0.0062803 0.0191126
0.0049279 0.0173193
0.0037320 0.0155352
0.0026927 0.0137612
0.0018100 0.0119979
0.0010837 0.0102461
0.0005137 0.0085062
0.0000998 0.0067787
-0.0001582 0.0050640
-0.0002605 0.0033626
-0.0002077 0.0016745
0.0000000 0.0000000
0.0003600 -0.0016485
0.0008697 -0.0032585
0.0015286 -0.0048301
0.0023361 -0.0063633
0.0032916 -0.0078580
0.0043944 -0.0093144
0.0056439 -0.0107324
0.0070392 -0.0121122
0.0085797 -0.0134538
0.0102644 -0.0147575
0.0120925 -0.0160232
0.0140631 -0.0172511
0.0161753 -0.0184416
0.0184280 -0.0195946
0.0208204 -0.0207106
0.0233512 -0.0217896
0.0260194 -0.0228320
0.0288240 -0.0238380
0.0317637 -0.0248080
0.0348374 -0.0257423
0.0380438 -0.0266412
0.0413817 -0.0275051
0.0448499 -0.0283344
0.0484471 -0.0291295
0.0521719 -0.0298908
0.0560230 -0.0306189
0.0599990 -0.0313141
0.0640986 -0.0319771
0.0683203 -0.0326083
0.0726627 -0.0332084
0.0771243 -0.0337778
0.0817038 -0.0343173
0.0863996 -0.0348274
0.0912102 -0.0353088
0.0961341 -0.0357623
0.1011699 -0.0361884
0.1063159 -0.0365880
0.1115706 -0.0369619
0.1169325 -0.0373108
0.1223999 -0.0376355
0.1279714 -0.0379369
0.1336453 -0.0382159
0.1394200 -0.0384733
0.1452940 -0.0387101
0.1512655 -0.0389272
0.1573330 -0.0391256
0.1634949 -0.0393062
0.1697494 -0.0394701
0.1760950 -0.0396183
0.1825301 -0.0397518
0.1890528 -0.0398718
0.1956616 -0.0399792
0.2023547 -0.0400753
0.2091306 -0.0401611
0.2159874 -0.0402378
0.2229235 -0.0403065
0.2299371 -0.0403684
0.2370266 -0.0404246
0.2441901 -0.0404764
0.2514259 -0.0405248
0.2587322 -0.0405712
0.2661073 -0.0406167
0.2735494 -0.0406626
0.2810566 -0.0407099
0.2886805 -0.0407593
0.2965713 -0.0407921
0.3045236 -0.0407994
0.3125351 -0.0407817
0.3206035 -0.0407397
0.3287264 -0.0406737
0.3369013 -0.0405844
0.3451258 -0.0404723
0.3533976 -0.0403381
0.3617141 -0.0401822
0.3700729 -0.0400053
0.3784715 -0.0398081
0.3869075 -0.0395911
0.3953782 -0.0393550
0.4038813 -0.0391004
0.4124141 -0.0388280
0.4209742 -0.0385383
0.4295589 -0.0382321
0.4381657 -0.0379100
0.4467921 -0.0375727
0.4554355 -0.0372207
0.4640932 -0.0368548
0.4727628 -0.0364755
0.4814415 -0.0360836
0.4901269 -0.0356796
0.4988162 -0.0352642
0.5075069 -0.0348380
0.5161964 -0.0344016
0.5248821 -0.0339556
0.5335613 -0.0335006
0.5422314 -0.0330372
0.5508898 -0.0325659
0.5595339 -0.0320874
0.5681611 -0.0316021
0.5767688 -0.0311107
0.5853543 -0.0306135
0.5939151 -0.0301113
0.6024485 -0.0296043
0.6109520 -0.0290932
0.6194230 -0.0285784
0.6278589 -0.0280603
0.6362571 -0.0275395
0.6446151 -0.0270163
0.6529303 -0.0264911
0.6612002 -0.0259644
0.6694223 -0.0254366
0.6775940 -0.0249080
0.6857128 -0.0243791
0.6937763 -0.0238501
0.7017819 -0.0233215
0.7097273 -0.0227935
0.7176099 -0.0222664
0.7254274 -0.0217407
0.7331773 -0.0212166
0.7408572 -0.0206943
0.7484649 -0.0201743
0.7559979 -0.0196567
0.7634539 -0.0191418
0.7708306 -0.0186299
0.7781257 -0.0181213
0.7853369 -0.0176162
0.7924621 -0.0171148
0.7994990 -0.0166174
0.8064454 -0.0161242
0.8132992 -0.0156355
0.8200581 -0.0151515
0.8267203 -0.0146723
0.8332834 -0.0141982
0.8397456 -0.0137295
0.8461047 -0.0132664
0.8523588 -0.0128089
0.8585059 -0.0123575
0.8645442 -0.0119123
0.8704716 -0.0114734
0.8762864 -0.0110411
0.8819867 -0.0106157
0.8875707 -0.0101972
0.8930367 -0.0097860
0.8983830 -0.0093822
0.9036077 -0.0089860
0.9087094 -0.0085977
0.9136864 -0.0082173
0.9185371 -0.0078453
0.9232599 -0.0074816
0.9278534 -0.0071266
0.9323162 -0.0067805
0.9366467 -0.0064434
0.9408437 -0.0061155
0.9449057 -0.0057971
0.9488316 -0.0054883
0.9526199 -0.0051893
0.9562696 -0.0049003
0.9597795 -0.0046215
0.9631483 -0.0043530
0.9663752 -0.0040951
0.9694589 -0.0038480
0.9723986 -0.0036117
0.9751933 -0.0033865
0.9778421 -0.0031724
0.9803441 -0.0029698
0.9826985 -0.0027786
0.9849046 -0.0025991
0.9869617 -0.0024314
0.9888691 -0.0022756
0.9906262 -0.0021318
0.9922323 -0.0020001
0.9936871 -0.0018806
0.9949900 -0.0017735
0.9961407 -0.0016788
0.9971386 -0.0015965
0.9979836 -0.0015268
0.9986753 -0.0014697
0.9992136 -0.0014253
0.9995981 -0.0013935
0.9998289 -0.0013744
0.9999059 -0.0013680
