AIRFOIL_LNY
1.0001512 0.0006697
1.0000763 0.0006926
0.9998516 0.0007612
0.9994772 0.0008754
0.9989532 0.0010351
0.9982797 0.0012402
0.9974569 0.0014902
0.9964850 0.0017850
0.9953643 0.0021241
0.9940949 0.0025072
0.9926774 0.0029336
0.9911120 0.0034030
0.9893992 0.0039146
0.9875393 0.0044679
0.9855329 0.0050622
0.9833805 0.0056966
0.9810827 0.0063705
0.9786401 0.0070829
0.9760532 0.0078329
0.9733229 0.0086197
0.9704497 0.0094421
0.9674345 0.0102993
0.9642781 0.0111900
0.9609812 0.0121132
0.9575449 0.0130677
0.9539699 0.0140522
0.9502573 0.0150657
0.9464080 0.0161067
0.9424231 0.0171740
0.9383036 0.0182662
0.9340507 0.0193820
0.9296654 0.0205199
0.9251491 0.0216785
0.9205029 0.0228564
0.9157280 0.0240520
0.9108259 0.0252639
0.9057978 0.0264905
0.9006451 0.0277303
0.8953692 0.0289818
0.8899716 0.0302432
0.8844538 0.0315131
0.8788174 0.0327898
0.8730638 0.0340718
0.8671947 0.0353574
0.8612118 0.0366449
0.8551167 0.0379327
0.8489112 0.0392193
0.8425969 0.0405029
0.8361758 0.0417819
0.8296496 0.0430547
0.8230202 0.0443197
0.8162894 0.0455752
0.8094593 0.0468196
0.8025317 0.0480513
0.7955087 0.0492687
0.7883924 0.0504702
0.7811847 0.0516543
0.7738878 0.0528194
0.7665038 0.0539639
0.7590349 0.0550864
0.7514832 0.0561854
0.7438510 0.0572593
0.7361406 0.0583068
0.7283542 0.0593263
0.7204941 0.0603166
0.7125627 0.0612763
0.7045624 0.0622039
0.6964956 0.0630982
0.6883646 0.0639580
0.6801720 0.0647819
0.6719202 0.0655688
0.6636117 0.0663175
0.6552491 0.0670269
0.6468348 0.0676959
0.6383716 0.0683234
0.6298619 0.0689083
0.6213085 0.0694499
0.6127139 0.0699470
0.6040808 0.0703989
0.5954119 0.0708047
0.5867711 0.0711734
0.5781061 0.0715170
0.5694154 0.0718352
0.5607018 0.0721273
0.5519680 0.0723929
0.5432167 0.0726317
0.5344506 0.0728432
0.5256725 0.0730271
0.5168849 0.0731829
0.5080908 0.0733104
0.4992928 0.0734092
0.4904937 0.0734791
0.4816962 0.0735198
0.4729031 0.0735310
0.4641172 0.0735126
0.4553411 0.0734644
0.4465777 0.0733862
0.4378297 0.0732780
0.4290999 0.0731395
0.4203910 0.0729707
0.4117057 0.0727716
0.4030469 0.0725422
0.3944172 0.0722824
0.3858194 0.0719924
0.3772562 0.0716721
0.3687302 0.0713217
0.3602443 0.0709413
0.3518012 0.0705311
0.3434034 0.0700912
0.3350536 0.0696219
0.3267546 0.0691234
0.3185089 0.0685960
0.3103193 0.0680400
0.3021881 0.0674557
0.2941182 0.0668435
0.2861120 0.0662038
0.2781721 0.0655370
0.2703010 0.0648435
0.2625013 0.0641239
0.2547753 0.0633786
0.2471256 0.0626082
0.2395546 0.0618132
0.2320647 0.0609943
0.2246582 0.0601520
0.2173376 0.0592869
0.2101051 0.0583998
0.2029631 0.0574914
0.1959138 0.0565623
0.1889594 0.0556132
0.1821021 0.0546450
0.1753440 0.0536584
0.1686874 0.0526542
0.1621343 0.0516333
0.1556868 0.0505963
0.1493468 0.0495443
0.1431163 0.0484781
0.1369974 0.0473984
0.1309918 0.0463063
0.1251015 0.0452027
0.1193283 0.0440884
0.1136739 0.0429643
0.1081402 0.0418315
0.1027287 0.0406907
0.0974413 0.0395430
0.0922794 0.0383893
0.0872446 0.0372306
0.0823385 0.0360677
0.0775626 0.0349017
0.0729183 0.0337334
0.0684070 0.0325638
0.0640300 0.0313938
0.0597886 0.0302243
0.0556842 0.0290562
0.0517179 0.0278905
0.0478909 0.0267280
0.0442043 0.0255695
0.0406591 0.0244160
0.0372565 0.0232682
0.0339974 0.0221270
0.0308827 0.0209931
0.0279133 0.0198674
0.0250901 0.0187506
0.0224138 0.0176433
0.0198853 0.0165464
0.0175051 0.0154604
0.0152741 0.0143860
0.0131927 0.0133239
0.0112615 0.0122745
0.0094811 0.0112385
0.0078519 0.0102164
0.0063744 0.0092086
0.0050489 0.0082156
0.0038758 0.0072378
0.0028553 0.0062756
0.0019877 0.0053293
0.0012731 0.0043993
0.0007118 0.0034857
0.0003038 0.0025888
0.0000492 0.0017088
-0.0000521 0.0008458
0.0000000 0.0000000
0.0002044 -0.0008224
0.0005600 -0.0016151
0.0010667 -0.0023782
0.0017241 -0.0031115
0.0025322 -0.0038151
0.0034904 -0.0044889
0.0045986 -0.0051331
0.0058561 -0.0057475
0.0072627 -0.0063323
0.0088178 -0.0068875
0.0105209 -0.0074132
0.0123713 -0.0079093
0.0143684 -0.0083760
0.0165116 -0.0088135
0.0188001 -0.0092217
0.0212332 -0.0096008
0.0238100 -0.0099510
0.0265297 -0.0102724
0.0293913 -0.0105651
0.0323941 -0.0108294
0.0355369 -0.0110653
0.0388188 -0.0112731
0.0422387 -0.0114531
0.0457954 -0.0116054
0.0494880 -0.0117303
0.0533151 -0.0118281
0.0572756 -0.0118989
0.0613682 -0.0119432
0.0655917 -0.0119612
0.0699446 -0.0119532
0.0744257 -0.0119196
0.0790336 -0.0118607
0.0837668 -0.0117769
0.0886239 -0.0116686
0.0936034 -0.0115362
0.0987036 -0.0113801
0.1039232 -0.0112007
0.1092605 -0.0109984
0.1147139 -0.0107739
0.1202816 -0.0105274
0.1259621 -0.0102596
0.1317537 -0.0099710
0.1376545 -0.0096620
0.1436628 -0.0093332
0.1497769 -0.0089852
0.1559949 -0.0086186
0.1623149 -0.0082339
0.1687351 -0.0078318
0.1752535 -0.0074128
0.1818683 -0.0069777
0.1885775 -0.0065270
0.1953792 -0.0060613
0.2022712 -0.0055815
0.2092516 -0.0050880
0.2163184 -0.0045817
0.2234695 -0.0040632
0.2307027 -0.0035332
0.2380161 -0.0029924
0.2454074 -0.0024416
0.2528744 -0.0018814
0.2604151 -0.0013126
0.2680272 -0.0007359
0.2757085 -0.0001520
0.2834567 0.0004382
0.2912697 0.0010342
0.2991451 0.0016351
0.3070807 0.0022402
0.3150742 0.0028488
0.3231231 0.0034601
0.3312252 0.0040735
0.3393782 0.0046882
0.3475796 0.0053035
0.3558271 0.0059187
0.3641183 0.0065331
0.3724507 0.0071460
0.3808220 0.0077567
0.3892296 0.0083647
0.3976711 0.0089691
0.4061441 0.0095694
0.4146461 0.0101650
0.4231746 0.0107552
0.4317270 0.0113394
0.4403009 0.0119172
0.4488938 0.0124878
0.4575031 0.0130509
0.4661264 0.0136058
0.4747609 0.0141521
0.4834043 0.0146892
0.4920539 0.0152168
0.5007072 0.0157343
0.5093616 0.0162415
0.5180146 0.0167378
0.5266635 0.0172229
0.5353058 0.0176965
0.5439390 0.0181583
0.5525604 0.0186079
0.5611675 0.0190451
0.5697577 0.0194697
0.5783284 0.0198814
0.5868770 0.0202800
0.5953971 0.0206654
0.6038309 0.0210253
0.6122372 0.0213505
0.6206134 0.0216410
0.6289571 0.0218971
0.6372658 0.0221190
0.6455369 0.0223070
0.6537679 0.0224613
0.6619565 0.0225825
0.6701000 0.0226708
0.6781960 0.0227268
0.6862420 0.0227510
0.6942355 0.0227439
0.7021742 0.0227062
0.7100555 0.0226384
0.7178770 0.0225412
0.7256363 0.0224154
0.7333310 0.0222617
0.7409586 0.0220808
0.7485168 0.0218736
0.7560032 0.0216409
0.7634155 0.0213837
0.7707512 0.0211028
0.7780082 0.0207991
0.7851841 0.0204735
0.7922765 0.0201272
0.7992833 0.0197611
0.8062022 0.0193762
0.8130310 0.0189735
0.8197674 0.0185541
0.8264094 0.0181191
0.8329548 0.0176696
0.8394014 0.0172066
0.8457472 0.0167313
0.8519901 0.0162449
0.8581280 0.0157483
0.8641590 0.0152428
0.8700810 0.0147294
0.8758922 0.0142093
0.8815906 0.0136837
0.8871744 0.0131537
0.8926416 0.0126203
0.8979905 0.0120848
0.9032192 0.0115481
0.9083262 0.0110115
0.9133095 0.0104759
0.9181677 0.0099426
0.9228990 0.0094125
0.9275019 0.0088867
0.9319747 0.0083663
0.9363161 0.0078521
0.9405245 0.0073454
0.9445985 0.0068469
0.9485368 0.0063577
0.9523379 0.0058787
0.9560006 0.0054109
0.9595236 0.0049549
0.9629058 0.0045119
0.9661459 0.0040824
0.9692429 0.0036675
0.9721957 0.0032677
0.9750033 0.0028839
0.9776647 0.0025167
0.9801790 0.0021669
0.9825453 0.0018349
0.9847628 0.0015216
0.9868308 0.0012273
0.9887484 0.0009527
0.9905152 0.0006982
0.9921303 0.0004644
0.9935934 0.0002515
0.9949038 0.0000600
0.9960611 -0.0001098
0.9970650 -0.0002576
0.9979150 -0.0003830
0.9986108 -0.0004860
0.9991523 -0.0005662
0.9995392 -0.0006237
0.9997714 -0.0006582
0.9998488 -0.0006697
