AIRFOIL_LNY
1.0000615 0.0007178
0.9999859 0.0007304
0.9997590 0.0007683
0.9993809 0.0008313
0.9988517 0.0009194
0.9981716 0.0010325
0.9973408 0.0011706
0.9963595 0.0013335
0.9952280 0.0015210
0.9939467 0.0017329
0.9925158 0.0019691
0.9909358 0.0022294
0.9892073 0.0025134
0.9873306 0.0028210
0.9853063 0.0031518
0.9831351 0.0035056
0.9808175 0.0038819
0.9783542 0.0042805
0.9757460 0.0047010
0.9729936 0.0051430
0.9700978 0.0056060
0.9670595 0.0060897
0.9638796 0.0065937
0.9605589 0.0071174
0.9570985 0.0076604
0.9534993 0.0082222
0.9497625 0.0088023
0.9458891 0.0094001
0.9418803 0.0100152
0.9377372 0.0106470
0.9334611 0.0112950
0.9290532 0.0119585
0.9245149 0.0126371
0.9198474 0.0133300
0.9150521 0.0140368
0.9101306 0.0147567
0.9050841 0.0154893
0.8999143 0.0162338
0.8946226 0.0169897
0.8892106 0.0177562
0.8836799 0.0185329
0.8780322 0.0193189
0.8722692 0.0201138
0.8663925 0.0209167
0.8604039 0.0217271
0.8543052 0.0225443
0.8480982 0.0233676
0.8417848 0.0241964
0.8353668 0.0250301
0.8288462 0.0258678
0.8222249 0.0267091
0.8155049 0.0275531
0.8086883 0.0283993
0.8017769 0.0292470
0.7947731 0.0300955
0.7876787 0.0309441
0.7804960 0.0317923
0.7732272 0.0326393
0.7658743 0.0334845
0.7584397 0.0343272
0.7509256 0.0351668
0.7433341 0.0360027
0.7356677 0.0368341
0.7279287 0.0376606
0.7201193 0.0384813
0.7122420 0.0392958
0.7042990 0.0401034
0.6962929 0.0409035
0.6882261 0.0416954
0.6801010 0.0424786
0.6719200 0.0432524
0.6636856 0.0440163
0.6554005 0.0447697
0.6470669 0.0455120
0.6386876 0.0462426
0.6302651 0.0469610
0.6218019 0.0476666
0.6133005 0.0483589
0.6047637 0.0490372
0.5961940 0.0497012
0.5875940 0.0503502
0.5789663 0.0509837
0.5703136 0.0516013
0.5616386 0.0522024
0.5529439 0.0527866
0.5442321 0.0533533
0.5355060 0.0539022
0.5267682 0.0544327
0.5180213 0.0549445
0.5092682 0.0554370
0.5005115 0.0559099
0.4917538 0.0563628
0.4829980 0.0567953
0.4742466 0.0572069
0.4655023 0.0575974
0.4567680 0.0579664
0.4480463 0.0583135
0.4393398 0.0586385
0.4306513 0.0589410
0.4219834 0.0592207
0.4133389 0.0594775
0.4047204 0.0597109
0.3961306 0.0599209
0.3875722 0.0601072
0.3790478 0.0602695
0.3705076 0.0604026
0.3619913 0.0604948
0.3535169 0.0605458
0.3450871 0.0605556
0.3367045 0.0605246
0.3283720 0.0604530
0.3200922 0.0603410
0.3118677 0.0601889
0.3037013 0.0599972
0.2955956 0.0597661
0.2875532 0.0594963
0.2795768 0.0591880
0.2716688 0.0588419
0.2638319 0.0584586
0.2560686 0.0580385
0.2483814 0.0575823
0.2407728 0.0570907
0.2332453 0.0565644
0.2258013 0.0560040
0.2184432 0.0554105
0.2111734 0.0547846
0.2039942 0.0541270
0.1969079 0.0534387
0.1899168 0.0527206
0.1830233 0.0519735
0.1762293 0.0511984
0.1695372 0.0503963
0.1629491 0.0495682
0.1564671 0.0487150
0.1500931 0.0478379
0.1438294 0.0469378
0.1376777 0.0460159
0.1316401 0.0450731
0.1257185 0.0441107
0.1199147 0.0431297
0.1142305 0.0421313
0.1086677 0.0411165
0.1032280 0.0400866
0.0979131 0.0390426
0.0927246 0.0379857
0.0876642 0.0369170
0.0827332 0.0358378
0.0779333 0.0347491
0.0732659 0.0336520
0.0687324 0.0325478
0.0643341 0.0314375
0.0600724 0.0303222
0.0559485 0.0292031
0.0519635 0.0280812
0.0481188 0.0269576
0.0444153 0.0258333
0.0408541 0.0247093
0.0374363 0.0235868
0.0341628 0.0224666
0.0310346 0.0213497
0.0280524 0.0202370
0.0252172 0.0191295
0.0225297 0.0180280
0.0199906 0.0169334
0.0176006 0.0158464
0.0153603 0.0147678
0.0132703 0.0136984
0.0113311 0.0126388
0.0095432 0.0115897
0.0079070 0.0105517
0.0064230 0.0095254
0.0050914 0.0085114
0.0039126 0.0075100
0.0028868 0.0065218
0.0020141 0.0055471
0.0012948 0.0045863
0.0007289 0.0036398
0.0003165 0.0027077
0.0000576 0.0017902
-0.0000479 0.0008876
0.0000000 0.0000000
0.0002002 -0.0008661
0.0005516 -0.0017041
0.0010540 -0.0025139
0.0017070 -0.0032957
0.0025105 -0.0040493
0.0034640 -0.0047748
0.0045671 -0.0054723
0.0058193 -0.0061419
0.0072202 -0.0067836
0.0087692 -0.0073975
0.0104658 -0.0079838
0.0123092 -0.0085425
0.0142989 -0.0090739
0.0164340 -0.0095782
0.0187139 -0.0100555
0.0211377 -0.0105059
0.0237047 -0.0109299
0.0264138 -0.0113276
0.0292642 -0.0116992
0.0322549 -0.0120451
0.0353850 -0.0123656
0.0386533 -0.0126610
0.0420588 -0.0129315
0.0456004 -0.0131777
0.0492769 -0.0133999
0.0530872 -0.0135984
0.0570299 -0.0137737
0.0611039 -0.0139262
0.0653079 -0.0140563
0.0696404 -0.0141646
0.0741003 -0.0142515
0.0786860 -0.0143176
0.0833961 -0.0143633
0.0882292 -0.0143893
0.0931838 -0.0143960
0.0982584 -0.0143841
0.1034514 -0.0143541
0.1087612 -0.0143067
0.1141863 -0.0142425
0.1197251 -0.0141621
0.1253757 -0.0140662
0.1311367 -0.0139556
0.1370062 -0.0138308
0.1429825 -0.0136926
0.1490639 -0.0135418
0.1552485 -0.0133790
0.1615346 -0.0132050
0.1679203 -0.0130206
0.1744037 -0.0128265
0.1809831 -0.0126236
0.1876564 -0.0124126
0.1944217 -0.0121943
0.2012771 -0.0119695
0.2082206 -0.0117391
0.2152502 -0.0115039
0.2223639 -0.0112646
0.2295597 -0.0110222
0.2368354 -0.0107774
0.2441891 -0.0105312
0.2516186 -0.0102843
0.2591218 -0.0100375
0.2666965 -0.0097918
0.2743407 -0.0095479
0.2820521 -0.0093066
0.2898285 -0.0090688
0.2976677 -0.0088353
0.3055675 -0.0086069
0.3135257 -0.0083844
0.3215399 -0.0081686
0.3296079 -0.0079602
0.3377273 -0.0077601
0.3458960 -0.0075689
0.3541114 -0.0073873
0.3623713 -0.0072162
0.3706734 -0.0070562
0.3790303 -0.0069075
0.3874767 -0.0067595
0.3959577 -0.0066075
0.4044706 -0.0064521
0.4130129 -0.0062935
0.4215821 -0.0061323
0.4301756 -0.0059688
0.4387909 -0.0058034
0.4474253 -0.0056364
0.4560762 -0.0054684
0.4647412 -0.0052996
0.4734175 -0.0051303
0.4821026 -0.0049610
0.4907938 -0.0047920
0.4994885 -0.0046236
0.5081842 -0.0044561
0.5168782 -0.0042898
0.5255678 -0.0041250
0.5342505 -0.0039620
0.5429236 -0.0038011
0.5515846 -0.0036424
0.5602307 -0.0034863
0.5688595 -0.0033329
0.5774682 -0.0031825
0.5860542 -0.0030352
0.5946150 -0.0028913
0.6031480 -0.0027509
0.6116505 -0.0026141
0.6201200 -0.0024811
0.6285540 -0.0023520
0.6369497 -0.0022269
0.6453048 -0.0021060
0.6536165 -0.0019892
0.6618825 -0.0018767
0.6701002 -0.0017685
0.6782670 -0.0016646
0.6863805 -0.0015651
0.6944382 -0.0014701
0.7024376 -0.0013794
0.7103763 -0.0012931
0.7182518 -0.0012113
0.7260618 -0.0011337
0.7338038 -0.0010605
0.7414755 -0.0009916
0.7490744 -0.0009268
0.7565984 -0.0008662
0.7640449 -0.0008097
0.7714119 -0.0007572
0.7786969 -0.0007086
0.7858977 -0.0006638
0.7930122 -0.0006227
0.8000381 -0.0005852
0.8069732 -0.0005512
0.8138155 -0.0005206
0.8205627 -0.0004932
0.8272128 -0.0004690
0.8337638 -0.0004478
0.8402136 -0.0004295
0.8465602 -0.0004140
0.8528016 -0.0004011
0.8589359 -0.0003906
0.8649612 -0.0003826
0.8708756 -0.0003767
0.8766773 -0.0003730
0.8823645 -0.0003713
0.8879354 -0.0003714
0.8933882 -0.0003731
0.8987212 -0.0003765
0.9039329 -0.0003814
0.9090215 -0.0003875
0.9139854 -0.0003949
0.9188232 -0.0004034
0.9235332 -0.0004128
0.9281141 -0.0004231
0.9325643 -0.0004341
0.9368825 -0.0004458
0.9410673 -0.0004581
0.9451174 -0.0004708
0.9490316 -0.0004838
0.9528085 -0.0004971
0.9564470 -0.0005105
0.9599460 -0.0005241
0.9633043 -0.0005376
0.9665209 -0.0005511
0.9695948 -0.0005643
0.9725250 -0.0005774
0.9753105 -0.0005902
0.9779505 -0.0006027
0.9804442 -0.0006147
0.9827908 -0.0006263
0.9849894 -0.0006373
0.9870395 -0.0006478
0.9889403 -0.0006577
0.9906914 -0.0006669
0.9922920 -0.0006755
0.9937417 -0.0006833
0.9950400 -0.0006904
0.9961866 -0.0006968
0.9971811 -0.0007023
0.9980231 -0.0007070
0.9987123 -0.0007109
0.9992486 -0.0007139
0.9996319 -0.0007161
0.9998618 -0.0007174
0.9999385 -0.0007178
