AIRFOIL_LNY
1.0000913 0.0009161
1.0000160 0.0009315
0.9997898 0.0009775
0.9994129 0.0010543
0.9988855 0.0011616
0.9982076 0.0012994
0.9973795 0.0014675
0.9964013 0.0016658
0.9952734 0.0018940
0.9939960 0.0021519
0.9925696 0.0024393
0.9909945 0.0027558
0.9892711 0.0031012
0.9874001 0.0034750
0.9853818 0.0038769
0.9832168 0.0043065
0.9809058 0.0047634
0.9784494 0.0052470
0.9758484 0.0057570
0.9731033 0.0062927
0.9702151 0.0068536
0.9671846 0.0074392
0.9640125 0.0080489
0.9606998 0.0086821
0.9572475 0.0093381
0.9536565 0.0100164
0.9499278 0.0107162
0.9460626 0.0114368
0.9420618 0.0121776
0.9379268 0.0129378
0.9336585 0.0137167
0.9292584 0.0145135
0.9247276 0.0153275
0.9200675 0.0161579
0.9152793 0.0170039
0.9103645 0.0178646
0.9053245 0.0187394
0.9001607 0.0196273
0.8948747 0.0205275
0.8894680 0.0214393
0.8839422 0.0223616
0.8782988 0.0232938
0.8725395 0.0242349
0.8666660 0.0251840
0.8606801 0.0261404
0.8545834 0.0271031
0.8483778 0.0280713
0.8420650 0.0290440
0.8356470 0.0300204
0.8291256 0.0309997
0.8225028 0.0319810
0.8157804 0.0329634
0.8089606 0.0339459
0.8020453 0.0349279
0.7950366 0.0359083
0.7879365 0.0368863
0.7807472 0.0378611
0.7734708 0.0388318
0.7661095 0.0397976
0.7586654 0.0407576
0.7511409 0.0417109
0.7435381 0.0426568
0.7358594 0.0435944
0.7281070 0.0445229
0.7202833 0.0454415
0.7123906 0.0463494
0.7044313 0.0472458
0.6964078 0.0481298
0.6883226 0.0490008
0.6801780 0.0498579
0.6719766 0.0507005
0.6637209 0.0515276
0.6554133 0.0523387
0.6470564 0.0531329
0.6386527 0.0539096
0.6302048 0.0546681
0.6217152 0.0554076
0.6131867 0.0561275
0.6046217 0.0568271
0.5960229 0.0575058
0.5873930 0.0581629
0.5787346 0.0587978
0.5700503 0.0594098
0.5613429 0.0599985
0.5526151 0.0605631
0.5438695 0.0611032
0.5351088 0.0616181
0.5263358 0.0621074
0.5175532 0.0625705
0.5087637 0.0630070
0.4999709 0.0634164
0.4911780 0.0637986
0.4823864 0.0641532
0.4735990 0.0644798
0.4648184 0.0647780
0.4560475 0.0650475
0.4472889 0.0652878
0.4385455 0.0654987
0.4298199 0.0656798
0.4211150 0.0658308
0.4124334 0.0659515
0.4037780 0.0660416
0.3951513 0.0661009
0.3865562 0.0661292
0.3779954 0.0661264
0.3694715 0.0660923
0.3609874 0.0660268
0.3525456 0.0659298
0.3441488 0.0658012
0.3357997 0.0656411
0.3275011 0.0654493
0.3192554 0.0652260
0.3110653 0.0649712
0.3029334 0.0646850
0.2948623 0.0643675
0.2868546 0.0640188
0.2789129 0.0636391
0.2710395 0.0632286
0.2632372 0.0627876
0.2555082 0.0623163
0.2478551 0.0618150
0.2402804 0.0612840
0.2327864 0.0607237
0.2253755 0.0601345
0.2180500 0.0595167
0.2108123 0.0588708
0.2036647 0.0581973
0.1966094 0.0574967
0.1896487 0.0567694
0.1827847 0.0560161
0.1760197 0.0552373
0.1693557 0.0544335
0.1627949 0.0536055
0.1563393 0.0527538
0.1499909 0.0518792
0.1437517 0.0509823
0.1376238 0.0500638
0.1316088 0.0491244
0.1257089 0.0481648
0.1199257 0.0471860
0.1142610 0.0461885
0.1087167 0.0451731
0.1032944 0.0441408
0.0979958 0.0430923
0.0928224 0.0420283
0.0877760 0.0409498
0.0828580 0.0398575
0.0780698 0.0387523
0.0734131 0.0376350
0.0688890 0.0365064
0.0644991 0.0353674
0.0602446 0.0342189
0.0561268 0.0330616
0.0521469 0.0318963
0.0483061 0.0307239
0.0446055 0.0295452
0.0410462 0.0283610
0.0376292 0.0271720
0.0343555 0.0259790
0.0312261 0.0247828
0.0282418 0.0235841
0.0254035 0.0223837
0.0227120 0.0211821
0.0201681 0.0199801
0.0177724 0.0187783
0.0155256 0.0175774
0.0134284 0.0163780
0.0114812 0.0151805
0.0096847 0.0139856
0.0080393 0.0127938
0.0065454 0.0116055
0.0052034 0.0104213
0.0040136 0.0092414
0.0029763 0.0080663
0.0020918 0.0068964
0.0013602 0.0057320
0.0007817 0.0045732
0.0003564 0.0034205
0.0000844 0.0022739
-0.0000344 0.0011337
0.0000000 0.0000000
0.0001867 -0.0011188
0.0005248 -0.0022141
0.0010140 -0.0032860
0.0016542 -0.0043344
0.0024451 -0.0053591
0.0033863 -0.0063600
0.0044775 -0.0073372
0.0057183 -0.0082905
0.0071083 -0.0092198
0.0086468 -0.0101251
0.0103335 -0.0110063
0.0121677 -0.0118633
0.0141487 -0.0126961
0.0162759 -0.0135044
0.0185486 -0.0142884
0.0209659 -0.0150479
0.0235272 -0.0157829
0.0262315 -0.0164933
0.0290779 -0.0171790
0.0320656 -0.0178401
0.0351935 -0.0184764
0.0384606 -0.0190879
0.0418660 -0.0196747
0.0454084 -0.0202366
0.0490867 -0.0207737
0.0528998 -0.0212860
0.0568465 -0.0217736
0.0609256 -0.0222363
0.0651357 -0.0226743
0.0694755 -0.0230876
0.0739437 -0.0234763
0.0785388 -0.0238405
0.0832596 -0.0241802
0.0881045 -0.0244955
0.0930720 -0.0247866
0.0981606 -0.0250536
0.1033687 -0.0252967
0.1086949 -0.0255160
0.1141373 -0.0257118
0.1196945 -0.0258841
0.1253648 -0.0260333
0.1311463 -0.0261597
0.1370375 -0.0262633
0.1430364 -0.0263446
0.1491415 -0.0264039
0.1553507 -0.0264414
0.1616623 -0.0264574
0.1680745 -0.0264524
0.1745852 -0.0264267
0.1811927 -0.0263807
0.1878949 -0.0263149
0.1946898 -0.0262295
0.2015756 -0.0261251
0.2085501 -0.0260021
0.2156113 -0.0258610
0.2227571 -0.0257023
0.2299855 -0.0255266
0.2372944 -0.0253342
0.2446815 -0.0251257
0.2521449 -0.0249018
0.2596822 -0.0246629
0.2672913 -0.0244096
0.2749700 -0.0241426
0.2827160 -0.0238623
0.2905271 -0.0235694
0.2984010 -0.0232645
0.3063355 -0.0229481
0.3143281 -0.0226211
0.3223767 -0.0222838
0.3304788 -0.0219370
0.3386321 -0.0215813
0.3468342 -0.0212174
0.3550827 -0.0208458
0.3633753 -0.0204671
0.3717094 -0.0200821
0.3800827 -0.0196913
0.3884927 -0.0192954
0.3969370 -0.0188949
0.4054130 -0.0184905
0.4139184 -0.0180828
0.4224505 -0.0176724
0.4310070 -0.0172598
0.4395852 -0.0168457
0.4481826 -0.0164305
0.4567968 -0.0160149
0.4654251 -0.0155994
0.4740651 -0.0151844
0.4827141 -0.0147706
0.4913696 -0.0143584
0.5000291 -0.0139483
0.5086888 -0.0135408
0.5173463 -0.0131366
0.5260002 -0.0127364
0.5346477 -0.0123405
0.5432863 -0.0119492
0.5519134 -0.0115630
0.5605264 -0.0111822
0.5691228 -0.0108071
0.5776999 -0.0104380
0.5862552 -0.0100753
0.5947861 -0.0097191
0.6032900 -0.0093698
0.6117644 -0.0090276
0.6202067 -0.0086926
0.6286143 -0.0083651
0.6369847 -0.0080452
0.6453153 -0.0077331
0.6536037 -0.0074289
0.6618473 -0.0071327
0.6700435 -0.0068446
0.6781899 -0.0065647
0.6862840 -0.0062930
0.6943233 -0.0060296
0.7023054 -0.0057744
0.7102277 -0.0055275
0.7180879 -0.0052889
0.7258835 -0.0050585
0.7336122 -0.0048362
0.7412715 -0.0046221
0.7488591 -0.0044161
0.7563726 -0.0042180
0.7638098 -0.0040278
0.7711682 -0.0038453
0.7784457 -0.0036705
0.7856399 -0.0035031
0.7927487 -0.0033432
0.7997697 -0.0031905
0.8067008 -0.0030448
0.8135399 -0.0029060
0.8202848 -0.0027740
0.8269334 -0.0026485
0.8334836 -0.0025294
0.8399334 -0.0024165
0.8462806 -0.0023096
0.8525234 -0.0022085
0.8586597 -0.0021131
0.8646877 -0.0020231
0.8706053 -0.0019383
0.8764108 -0.0018586
0.8821023 -0.0017837
0.8876779 -0.0017135
0.8931360 -0.0016477
0.8984748 -0.0015862
0.9036925 -0.0015288
0.9087875 -0.0014753
0.9137583 -0.0014255
0.9186031 -0.0013792
0.9233205 -0.0013363
0.9279089 -0.0012965
0.9323669 -0.0012597
0.9366929 -0.0012258
0.9408858 -0.0011945
0.9449440 -0.0011658
0.9488662 -0.0011394
0.9526513 -0.0011153
0.9562980 -0.0010932
0.9598050 -0.0010731
0.9631714 -0.0010547
0.9663959 -0.0010381
0.9694775 -0.0010230
0.9724152 -0.0010094
0.9752081 -0.0009971
0.9778553 -0.0009860
0.9803559 -0.0009761
0.9827090 -0.0009673
0.9849140 -0.0009594
0.9869700 -0.0009524
0.9888765 -0.0009462
0.9906327 -0.0009408
0.9922382 -0.0009360
0.9936923 -0.0009319
0.9949947 -0.0009284
0.9961449 -0.0009253
0.9971424 -0.0009228
0.9979871 -0.0009207
0.9986786 -0.0009190
0.9992166 -0.0009177
0.9996010 -0.0009168
0.9998317 -0.0009163
0.9999087 -0.0009161
