AIRFOIL_LNY
1.0000937 0.0006987
1.0000184 0.0007148
0.9997923 0.0007632
0.9994155 0.0008439
0.9988882 0.0009566
0.9982104 0.0011013
0.9973825 0.0012779
0.9964045 0.0014860
0.9952768 0.0017255
0.9939997 0.0019961
0.9925735 0.0022975
0.9909987 0.0026292
0.9892756 0.0029910
0.9874048 0.0033824
0.9853868 0.0038029
0.9832221 0.0042521
0.9809113 0.0047294
0.9784551 0.0052343
0.9758541 0.0057661
0.9731092 0.0063243
0.9702210 0.0069082
0.9671904 0.0075172
0.9640182 0.0081505
0.9607053 0.0088074
0.9572527 0.0094871
0.9536613 0.0101889
0.9499321 0.0109120
0.9460662 0.0116554
0.9420647 0.0124185
0.9379286 0.0132003
0.9336593 0.0139998
0.9292579 0.0148163
0.9247256 0.0156488
0.9200637 0.0164962
0.9152737 0.0173578
0.9103568 0.0182324
0.9053144 0.0191192
0.9001481 0.0200170
0.8948593 0.0209250
0.8894494 0.0218420
0.8839202 0.0227672
0.8782731 0.0236993
0.8725099 0.0246374
0.8666321 0.0255804
0.8606415 0.0265274
0.8545399 0.0274771
0.8483290 0.0284287
0.8420106 0.0293810
0.8355866 0.0303329
0.8290588 0.0312835
0.8224292 0.0322316
0.8156998 0.0331762
0.8088725 0.0341164
0.8019493 0.0350509
0.7949322 0.0359789
0.7878234 0.0368992
0.7806250 0.0378109
0.7733390 0.0387129
0.7659678 0.0396043
0.7585133 0.0404840
0.7509780 0.0413512
0.7433639 0.0422047
0.7356735 0.0430437
0.7279090 0.0438672
0.7200728 0.0446743
0.7121671 0.0454642
0.7041945 0.0462358
0.6961572 0.0469883
0.6880578 0.0477208
0.6798986 0.0484326
0.6716822 0.0491228
0.6634110 0.0497906
0.6550876 0.0504351
0.6467144 0.0510557
0.6382942 0.0516516
0.6298293 0.0522221
0.6213225 0.0527664
0.6127763 0.0532839
0.6041934 0.0537739
0.5955764 0.0542359
0.5869279 0.0546691
0.5782507 0.0550731
0.5695650 0.0554488
0.5608720 0.0558037
0.5521592 0.0561386
0.5434294 0.0564531
0.5346852 0.0567467
0.5259294 0.0570190
0.5171647 0.0572698
0.5083937 0.0574987
0.4996191 0.0577052
0.4908438 0.0578892
0.4820704 0.0580503
0.4733016 0.0581881
0.4645402 0.0583026
0.4557888 0.0583933
0.4470502 0.0584601
0.4383272 0.0585028
0.4296224 0.0585211
0.4209386 0.0585149
0.4122784 0.0584841
0.4036446 0.0584285
0.3950398 0.0583479
0.3864668 0.0582424
0.3779282 0.0581118
0.3694268 0.0579561
0.3609651 0.0577753
0.3525458 0.0575694
0.3441716 0.0573383
0.3358451 0.0570822
0.3275688 0.0568011
0.3193455 0.0564951
0.3111776 0.0561642
0.3030678 0.0558088
0.2950186 0.0554288
0.2870324 0.0550246
0.2791120 0.0545962
0.2712596 0.0541440
0.2634778 0.0536682
0.2557690 0.0531691
0.2481356 0.0526469
0.2405801 0.0521021
0.2331048 0.0515350
0.2257120 0.0509459
0.2184041 0.0503352
0.2111833 0.0497034
0.2040520 0.0490510
0.1970123 0.0483783
0.1900665 0.0476858
0.1832167 0.0469741
0.1764650 0.0462437
0.1698136 0.0454952
0.1632645 0.0447290
0.1568197 0.0439458
0.1504814 0.0431461
0.1442513 0.0423306
0.1381316 0.0415000
0.1321239 0.0406547
0.1262303 0.0397956
0.1204525 0.0389232
0.1147923 0.0380382
0.1092515 0.0371414
0.1038317 0.0362333
0.0985346 0.0353148
0.0933618 0.0343864
0.0883149 0.0334490
0.0833954 0.0325032
0.0786048 0.0315497
0.0739446 0.0305893
0.0694162 0.0296227
0.0650209 0.0286505
0.0607600 0.0276736
0.0566349 0.0266925
0.0526468 0.0257080
0.0487968 0.0247208
0.0450861 0.0237316
0.0415158 0.0227410
0.0380870 0.0217497
0.0348006 0.0207583
0.0316576 0.0197675
0.0286589 0.0187779
0.0258055 0.0177900
0.0230980 0.0168046
0.0205374 0.0158221
0.0181243 0.0148430
0.0158595 0.0138680
0.0137435 0.0128974
0.0117770 0.0119318
0.0099605 0.0109716
0.0082945 0.0100173
0.0067794 0.0090693
0.0054158 0.0081278
0.0042039 0.0071933
0.0031441 0.0062661
0.0022366 0.0053465
0.0014816 0.0044347
0.0008794 0.0035309
0.0004301 0.0026354
0.0001337 0.0017484
-0.0000096 0.0008698
0.0000000 0.0000000
0.0001619 -0.0008547
0.0004754 -0.0016878
0.0009404 -0.0024992
0.0015565 -0.0032888
0.0023237 -0.0040567
0.0032415 -0.0048027
0.0043098 -0.0055269
0.0055280 -0.0062292
0.0068959 -0.0069094
0.0084128 -0.0075677
0.0100784 -0.0082040
0.0118919 -0.0088182
0.0138530 -0.0094103
0.0159608 -0.0099802
0.0182147 -0.0105281
0.0206140 -0.0110538
0.0231578 -0.0115574
0.0258455 -0.0120388
0.0286760 -0.0124981
0.0316485 -0.0129352
0.0347620 -0.0133502
0.0380156 -0.0137432
0.0414082 -0.0141141
0.0449387 -0.0144630
0.0486061 -0.0147900
0.0524091 -0.0150951
0.0563467 -0.0153784
0.0604175 -0.0156400
0.0646203 -0.0158800
0.0689537 -0.0160984
0.0734165 -0.0162954
0.0780073 -0.0164712
0.0827246 -0.0166259
0.0875671 -0.0167596
0.0925331 -0.0168725
0.0976212 -0.0169648
0.1028299 -0.0170366
0.1081576 -0.0170883
0.1136025 -0.0171201
0.1191632 -0.0171321
0.1248379 -0.0171246
0.1306249 -0.0170979
0.1365224 -0.0170523
0.1425286 -0.0169881
0.1486419 -0.0169056
0.1548603 -0.0168051
0.1611819 -0.0166870
0.1676049 -0.0165516
0.1741274 -0.0163994
0.1807474 -0.0162306
0.1874630 -0.0160457
0.1942720 -0.0158452
0.2011726 -0.0156293
0.2081627 -0.0153986
0.2152402 -0.0151536
0.2224030 -0.0148947
0.2296490 -0.0146223
0.2369760 -0.0143369
0.2443818 -0.0140391
0.2518644 -0.0137293
0.2594214 -0.0134081
0.2670507 -0.0130760
0.2747499 -0.0127334
0.2825169 -0.0123810
0.2903493 -0.0120193
0.2982448 -0.0116488
0.3062011 -0.0112700
0.3142158 -0.0108836
0.3222866 -0.0104900
0.3304110 -0.0100898
0.3385868 -0.0096836
0.3468114 -0.0092719
0.3550825 -0.0088553
0.3633976 -0.0084343
0.3717542 -0.0080095
0.3801499 -0.0075814
0.3885821 -0.0071505
0.3970485 -0.0067174
0.4055464 -0.0062826
0.4140734 -0.0058466
0.4226270 -0.0054100
0.4312045 -0.0049732
0.4398034 -0.0045367
0.4484213 -0.0041010
0.4570555 -0.0036665
0.4657034 -0.0032338
0.4743624 -0.0028032
0.4830301 -0.0023752
0.4917038 -0.0019502
0.5003809 -0.0015286
0.5090587 -0.0011108
0.5177348 -0.0006972
0.5264065 -0.0002881
0.5350712 0.0001162
0.5437264 0.0005153
0.5523693 0.0009089
0.5609974 0.0012967
0.5696081 0.0016785
0.5781838 0.0020529
0.5867203 0.0024118
0.5952326 0.0027537
0.6037183 0.0030784
0.6121747 0.0033859
0.6205994 0.0036761
0.6289897 0.0039490
0.6373432 0.0042046
0.6456573 0.0044430
0.6539294 0.0046643
0.6621572 0.0048685
0.6703380 0.0050557
0.6784694 0.0052262
0.6865488 0.0053801
0.6945739 0.0055175
0.7025422 0.0056388
0.7104511 0.0057441
0.7182984 0.0058338
0.7260815 0.0059082
0.7337980 0.0059675
0.7414457 0.0060121
0.7490220 0.0060423
0.7565247 0.0060586
0.7639515 0.0060613
0.7713000 0.0060508
0.7785679 0.0060275
0.7857530 0.0059920
0.7928530 0.0059446
0.7998658 0.0058858
0.8067890 0.0058161
0.8136206 0.0057359
0.8203584 0.0056458
0.8270002 0.0055463
0.8335441 0.0054379
0.8399878 0.0053211
0.8463294 0.0051964
0.8525669 0.0050643
0.8586983 0.0049254
0.8647216 0.0047803
0.8706350 0.0046294
0.8764365 0.0044733
0.8821243 0.0043125
0.8876965 0.0041475
0.8931515 0.0039789
0.8984874 0.0038073
0.9037026 0.0036331
0.9087953 0.0034568
0.9137639 0.0032790
0.9186068 0.0031002
0.9233225 0.0029209
0.9279094 0.0027415
0.9323661 0.0025626
0.9366911 0.0023846
0.9408829 0.0022080
0.9449403 0.0020332
0.9488620 0.0018608
0.9526465 0.0016910
0.9562928 0.0015244
0.9597995 0.0013613
0.9631656 0.0012022
0.9663900 0.0010473
0.9694716 0.0008972
0.9724094 0.0007521
0.9752024 0.0006123
0.9778497 0.0004783
0.9803504 0.0003502
0.9827038 0.0002284
0.9849090 0.0001132
0.9869653 0.0000048
0.9888720 -0.0000965
0.9906285 -0.0001906
0.9922342 -0.0002772
0.9936886 -0.0003561
0.9949913 -0.0004272
0.9961416 -0.0004903
0.9971394 -0.0005452
0.9979843 -0.0005919
0.9986759 -0.0006302
0.9992140 -0.0006601
0.9995986 -0.0006815
0.9998293 -0.0006944
0.9999063 -0.0006987
