AIRFOIL_LNY
1.0002592 0.0015389
1.0001852 0.0015648
0.9999632 0.0016424
0.9995933 0.0017717
0.9990756 0.0019525
0.9984102 0.0021846
0.9975973 0.0024679
0.9966370 0.0028019
0.9955295 0.0031865
0.9942752 0.0036212
0.9928744 0.0041055
0.9913273 0.0046391
0.9896344 0.0052213
0.9877960 0.0058516
0.9858126 0.0065293
0.9836847 0.0072539
0.9814127 0.0080245
0.9789973 0.0088404
0.9764391 0.0097009
0.9737385 0.0106051
0.9708964 0.0115520
0.9679134 0.0125408
0.9647903 0.0135705
0.9615277 0.0146402
0.9581266 0.0157488
0.9545878 0.0168951
0.9509122 0.0180783
0.9471006 0.0192970
0.9431541 0.0205502
0.9390737 0.0218366
0.9348603 0.0231552
0.9305151 0.0245045
0.9260393 0.0258834
0.9214338 0.0272906
0.9167001 0.0287247
0.9118392 0.0301846
0.9068524 0.0316687
0.9017411 0.0331758
0.8965066 0.0347045
0.8911503 0.0362534
0.8856736 0.0378211
0.8800780 0.0394062
0.8743650 0.0410073
0.8685361 0.0426229
0.8625930 0.0442516
0.8565371 0.0458920
0.8503702 0.0475426
0.8440940 0.0492020
0.8377102 0.0508688
0.8312205 0.0525413
0.8246268 0.0542183
0.8179309 0.0558983
0.8111347 0.0575797
0.8042401 0.0592612
0.7972490 0.0609413
0.7901634 0.0626186
0.7829854 0.0642915
0.7757169 0.0659588
0.7683601 0.0676189
0.7609170 0.0692704
0.7533899 0.0709119
0.7457809 0.0725421
0.7380923 0.0741595
0.7303262 0.0757627
0.7224849 0.0773504
0.7145708 0.0789212
0.7065862 0.0804738
0.6985335 0.0820068
0.6904150 0.0835188
0.6822332 0.0850087
0.6739906 0.0864751
0.6656895 0.0879166
0.6573327 0.0893322
0.6489224 0.0907204
0.6404614 0.0920802
0.6319522 0.0934102
0.6233974 0.0947092
0.6147997 0.0959762
0.6061617 0.0972100
0.5974861 0.0984094
0.5887756 0.0995733
0.5800328 0.1007007
0.5712607 0.1017904
0.5624618 0.1028415
0.5536390 0.1038529
0.5447952 0.1048236
0.5359330 0.1057527
0.5270554 0.1066393
0.5181651 0.1074825
0.5092651 0.1082813
0.5003582 0.1090350
0.4914473 0.1097427
0.4825331 0.1104037
0.4735954 0.1110150
0.4646619 0.1115744
0.4557356 0.1120813
0.4468195 0.1125349
0.4379166 0.1129349
0.4290298 0.1132805
0.4201622 0.1135713
0.4113167 0.1138069
0.4024964 0.1139869
0.3937041 0.1141109
0.3849430 0.1141787
0.3762160 0.1141899
0.3675261 0.1141445
0.3588763 0.1140422
0.3502696 0.1138829
0.3417088 0.1136667
0.3331970 0.1133935
0.3247372 0.1130634
0.3163321 0.1126765
0.3079848 0.1122330
0.2996982 0.1117331
0.2914750 0.1111770
0.2833182 0.1105653
0.2752307 0.1098981
0.2672151 0.1091760
0.2592743 0.1083995
0.2514110 0.1075692
0.2436280 0.1066855
0.2359280 0.1057493
0.2283136 0.1047612
0.2207874 0.1037220
0.2133520 0.1026325
0.2060101 0.1014936
0.1987640 0.1003063
0.1916163 0.0990714
0.1845695 0.0977899
0.1776258 0.0964631
0.1707876 0.0950919
0.1640574 0.0936775
0.1574372 0.0922211
0.1509293 0.0907239
0.1445359 0.0891872
0.1382590 0.0876123
0.1321008 0.0860005
0.1260632 0.0843531
0.1201482 0.0826716
0.1143576 0.0809574
0.1086934 0.0792119
0.1031573 0.0774365
0.0977511 0.0756328
0.0924764 0.0738022
0.0873348 0.0719462
0.0823280 0.0700664
0.0774574 0.0681642
0.0727245 0.0662412
0.0681306 0.0642989
0.0636772 0.0623389
0.0593655 0.0603625
0.0551967 0.0583714
0.0511720 0.0563670
0.0472925 0.0543508
0.0435593 0.0523242
0.0399733 0.0502888
0.0365356 0.0482460
0.0332469 0.0461970
0.0301082 0.0441433
0.0271202 0.0420863
0.0242836 0.0400271
0.0215990 0.0379672
0.0190672 0.0359076
0.0166887 0.0338496
0.0144639 0.0317944
0.0123934 0.0297429
0.0104775 0.0276963
0.0087166 0.0256554
0.0071110 0.0236214
0.0056609 0.0215950
0.0043666 0.0195770
0.0032282 0.0175683
0.0022458 0.0155695
0.0014195 0.0135812
0.0007493 0.0116041
0.0002351 0.0096387
-0.0001232 0.0076854
-0.0003256 0.0057446
-0.0003724 0.0038166
-0.0002638 0.0019017
0.0000000 0.0000000
0.0004161 -0.0018742
0.0009816 -0.0037069
0.0016961 -0.0054979
0.0025591 -0.0072473
0.0035702 -0.0089548
0.0047288 -0.0106204
0.0060343 -0.0122441
0.0074861 -0.0138257
0.0090834 -0.0153653
0.0108256 -0.0168627
0.0127119 -0.0183178
0.0147414 -0.0197307
0.0169133 -0.0211012
0.0192268 -0.0224293
0.0216808 -0.0237149
0.0242744 -0.0249581
0.0270065 -0.0261588
0.0298762 -0.0273170
0.0328824 -0.0284326
0.0360238 -0.0295057
0.0392994 -0.0305363
0.0427079 -0.0315245
0.0462482 -0.0324701
0.0499189 -0.0333734
0.0537189 -0.0342344
0.0576466 -0.0350532
0.0617009 -0.0358298
0.0658804 -0.0365644
0.0701836 -0.0372572
0.0746091 -0.0379084
0.0791555 -0.0385180
0.0838213 -0.0390863
0.0886050 -0.0396136
0.0935050 -0.0401001
0.0985200 -0.0405461
0.1036482 -0.0409518
0.1088881 -0.0413178
0.1142381 -0.0416442
0.1196967 -0.0419315
0.1252621 -0.0421802
0.1309328 -0.0423906
0.1367070 -0.0425632
0.1425831 -0.0426986
0.1485594 -0.0427973
0.1546342 -0.0428598
0.1608058 -0.0428868
0.1670724 -0.0428789
0.1734322 -0.0428367
0.1798836 -0.0427610
0.1864247 -0.0426523
0.1930538 -0.0425116
0.1997691 -0.0423395
0.2065686 -0.0421369
0.2134507 -0.0419045
0.2204135 -0.0416433
0.2274551 -0.0413541
0.2345736 -0.0410378
0.2417672 -0.0406954
0.2490339 -0.0403277
0.2563720 -0.0399358
0.2637793 -0.0395206
0.2712542 -0.0390832
0.2787944 -0.0386245
0.2863982 -0.0381456
0.2940635 -0.0376476
0.3017883 -0.0371315
0.3095707 -0.0365983
0.3174086 -0.0360493
0.3252999 -0.0354853
0.3332427 -0.0349077
0.3412348 -0.0343173
0.3492742 -0.0337154
0.3573587 -0.0331030
0.3654863 -0.0324812
0.3736548 -0.0318512
0.3818621 -0.0312139
0.3901059 -0.0305705
0.3983842 -0.0299220
0.4066946 -0.0292695
0.4150351 -0.0286141
0.4234033 -0.0279567
0.4317971 -0.0272983
0.4402141 -0.0266399
0.4486520 -0.0259826
0.4571087 -0.0253272
0.4655816 -0.0246747
0.4740687 -0.0240260
0.4825674 -0.0233818
0.4911003 -0.0227418
0.4996418 -0.0221046
0.5081873 -0.0214710
0.5167344 -0.0208419
0.5252806 -0.0202180
0.5338235 -0.0195998
0.5423606 -0.0189881
0.5508894 -0.0183836
0.5594075 -0.0177867
0.5679124 -0.0171982
0.5764016 -0.0166184
0.5848726 -0.0160480
0.5933229 -0.0154874
0.6017500 -0.0149370
0.6101513 -0.0143972
0.6185244 -0.0138684
0.6268668 -0.0133509
0.6351759 -0.0128451
0.6434493 -0.0123511
0.6516843 -0.0118693
0.6598786 -0.0113999
0.6680296 -0.0109429
0.6761347 -0.0104986
0.6841916 -0.0100672
0.6921977 -0.0096485
0.7001504 -0.0092428
0.7080475 -0.0088501
0.7158862 -0.0084703
0.7236643 -0.0081034
0.7313793 -0.0077494
0.7390287 -0.0074083
0.7466101 -0.0070798
0.7541210 -0.0067639
0.7615592 -0.0064605
0.7689221 -0.0061695
0.7762075 -0.0058905
0.7834130 -0.0056235
0.7905362 -0.0053682
0.7975749 -0.0051244
0.8045267 -0.0048919
0.8113894 -0.0046705
0.8181608 -0.0044598
0.8248385 -0.0042596
0.8314204 -0.0040696
0.8379044 -0.0038896
0.8442881 -0.0037192
0.8505697 -0.0035582
0.8567468 -0.0034062
0.8628176 -0.0032629
0.8687798 -0.0031281
0.8746315 -0.0030014
0.8803708 -0.0028826
0.8859957 -0.0027712
0.8915041 -0.0026670
0.8968944 -0.0025697
0.9021646 -0.0024790
0.9073129 -0.0023946
0.9123375 -0.0023161
0.9172367 -0.0022434
0.9220088 -0.0021760
0.9266522 -0.0021138
0.9311651 -0.0020564
0.9355460 -0.0020035
0.9397935 -0.0019550
0.9439059 -0.0019105
0.9478819 -0.0018698
0.9517200 -0.0018327
0.9554188 -0.0017989
0.9589771 -0.0017682
0.9623936 -0.0017404
0.9656670 -0.0017153
0.9687962 -0.0016926
0.9717800 -0.0016723
0.9746175 -0.0016541
0.9773074 -0.0016378
0.9798490 -0.0016233
0.9822412 -0.0016104
0.9844831 -0.0015991
0.9865741 -0.0015891
0.9885132 -0.0015803
0.9902999 -0.0015726
0.9919334 -0.0015660
0.9934131 -0.0015603
0.9947385 -0.0015554
0.9959092 -0.0015513
0.9969246 -0.0015478
0.9977845 -0.0015450
0.9984884 -0.0015428
0.9990362 -0.0015411
0.9994276 -0.0015399
0.9996625 -0.0015392
0.9997408 -0.0015389
