AIRFOIL_LNY
1.0001560 0.0016410
1.0000812 0.0016622
0.9998566 0.0017256
0.9994825 0.0018313
0.9989588 0.0019791
0.9982857 0.0021689
0.9974633 0.0024005
0.9964920 0.0026736
0.9953719 0.0029881
0.9941034 0.0033435
0.9926867 0.0037395
0.9911222 0.0041757
0.9894105 0.0046518
0.9875518 0.0051672
0.9855467 0.0057214
0.9833957 0.0063139
0.9810994 0.0069442
0.9786584 0.0076115
0.9760734 0.0083152
0.9733450 0.0090548
0.9704739 0.0098294
0.9674610 0.0106383
0.9643069 0.0114807
0.9610127 0.0123559
0.9575791 0.0132630
0.9540070 0.0142012
0.9502975 0.0151696
0.9464516 0.0161673
0.9424702 0.0171934
0.9383545 0.0182468
0.9341056 0.0193268
0.9297246 0.0204322
0.9252128 0.0215620
0.9205714 0.0227154
0.9158016 0.0238911
0.9109049 0.0250882
0.9058824 0.0263057
0.9007357 0.0275424
0.8954662 0.0287972
0.8900753 0.0300691
0.8845646 0.0313570
0.8789355 0.0326597
0.8731897 0.0339762
0.8673289 0.0353053
0.8613546 0.0366458
0.8552685 0.0379967
0.8490725 0.0393569
0.8427682 0.0407251
0.8363575 0.0421003
0.8298421 0.0434812
0.8232241 0.0448668
0.8165052 0.0462560
0.8096875 0.0476475
0.8027728 0.0490402
0.7957633 0.0504330
0.7886609 0.0518248
0.7814677 0.0532145
0.7741859 0.0546008
0.7668175 0.0559826
0.7593648 0.0573590
0.7518299 0.0587286
0.7442151 0.0600904
0.7365226 0.0614434
0.7287547 0.0627863
0.7209137 0.0641181
0.7130020 0.0654377
0.7050219 0.0667440
0.6969758 0.0680360
0.6888662 0.0693124
0.6806954 0.0705724
0.6724660 0.0718147
0.6641804 0.0730384
0.6558412 0.0742424
0.6474509 0.0754257
0.6390121 0.0765872
0.6305273 0.0777260
0.6219991 0.0788409
0.6134302 0.0799310
0.6048232 0.0809953
0.5961808 0.0820329
0.5875056 0.0830426
0.5788003 0.0840237
0.5700676 0.0849751
0.5613103 0.0858959
0.5525312 0.0867852
0.5437328 0.0876421
0.5349181 0.0884657
0.5261074 0.0892558
0.5172955 0.0900143
0.5084762 0.0907405
0.4996523 0.0914335
0.4908264 0.0920926
0.4820016 0.0927170
0.4731804 0.0933060
0.4643657 0.0938587
0.4555603 0.0943745
0.4467670 0.0948526
0.4379886 0.0952923
0.4292278 0.0956931
0.4204876 0.0960541
0.4117706 0.0963749
0.4030798 0.0966549
0.3944177 0.0968934
0.3857873 0.0970900
0.3771913 0.0972441
0.3686325 0.0973552
0.3601137 0.0974230
0.3516375 0.0974470
0.3432067 0.0974268
0.3348241 0.0973621
0.3264923 0.0972527
0.3182141 0.0970981
0.3099921 0.0968982
0.3018290 0.0966528
0.2937275 0.0963618
0.2856901 0.0960250
0.2777195 0.0956424
0.2698183 0.0952140
0.2619889 0.0947397
0.2542341 0.0942196
0.2465562 0.0936539
0.2389577 0.0930426
0.2314412 0.0923859
0.2240090 0.0916842
0.2166636 0.0909376
0.2094073 0.0901465
0.2022424 0.0893112
0.1951713 0.0884322
0.1881962 0.0875098
0.1813194 0.0865446
0.1745431 0.0855372
0.1678694 0.0844880
0.1613005 0.0833976
0.1548384 0.0822668
0.1484853 0.0810962
0.1422430 0.0798865
0.1361137 0.0786386
0.1300991 0.0773530
0.1242013 0.0760308
0.1184220 0.0746727
0.1127630 0.0732795
0.1072262 0.0718523
0.1018131 0.0703920
0.0965255 0.0688994
0.0913651 0.0673756
0.0863332 0.0658215
0.0814316 0.0642381
0.0766617 0.0626265
0.0720249 0.0609877
0.0675226 0.0593227
0.0631561 0.0576326
0.0589268 0.0559184
0.0548358 0.0541812
0.0508845 0.0524219
0.0470738 0.0506417
0.0434050 0.0488416
0.0398790 0.0470227
0.0364969 0.0451858
0.0332596 0.0433321
0.0301680 0.0414626
0.0272231 0.0395781
0.0244255 0.0376797
0.0217761 0.0357682
0.0192755 0.0338447
0.0169245 0.0319098
0.0147236 0.0299646
0.0126734 0.0280098
0.0107745 0.0260462
0.0090272 0.0240745
0.0074321 0.0220954
0.0059894 0.0201097
0.0046996 0.0181178
0.0035630 0.0161205
0.0025796 0.0141182
0.0017498 0.0121115
0.0010737 0.0101008
0.0005513 0.0080865
0.0001828 0.0060690
-0.0000319 0.0040486
-0.0000928 0.0020255
0.0000000 0.0000000
0.0002451 -0.0020128
0.0006410 -0.0039976
0.0011876 -0.0059544
0.0018846 -0.0078829
0.0027316 -0.0097830
0.0037283 -0.0116543
0.0048742 -0.0134967
0.0061690 -0.0153099
0.0076120 -0.0170935
0.0092028 -0.0188474
0.0109407 -0.0205713
0.0128252 -0.0222647
0.0148555 -0.0239273
0.0170309 -0.0255589
0.0193506 -0.0271590
0.0218138 -0.0287272
0.0244197 -0.0302633
0.0271674 -0.0317669
0.0300559 -0.0332374
0.0330843 -0.0346746
0.0362515 -0.0360781
0.0395565 -0.0374474
0.0429983 -0.0387822
0.0465756 -0.0400821
0.0502873 -0.0413467
0.0541321 -0.0425757
0.0581090 -0.0437686
0.0622166 -0.0449251
0.0664535 -0.0460449
0.0708185 -0.0471276
0.0753101 -0.0481729
0.0799270 -0.0491805
0.0846677 -0.0501501
0.0895308 -0.0510815
0.0945147 -0.0519744
0.0996180 -0.0528286
0.1048390 -0.0536439
0.1101761 -0.0544202
0.1156279 -0.0551572
0.1211925 -0.0558549
0.1268684 -0.0565131
0.1326539 -0.0571319
0.1385472 -0.0577112
0.1445465 -0.0582509
0.1506502 -0.0587512
0.1568564 -0.0592121
0.1631632 -0.0596337
0.1695689 -0.0600161
0.1760715 -0.0603595
0.1826693 -0.0606641
0.1893602 -0.0609302
0.1961423 -0.0611580
0.2030137 -0.0613478
0.2099723 -0.0615000
0.2170163 -0.0616150
0.2241435 -0.0616930
0.2313519 -0.0617347
0.2386395 -0.0617405
0.2460042 -0.0617108
0.2534438 -0.0616463
0.2609563 -0.0615474
0.2685395 -0.0614148
0.2761912 -0.0612491
0.2839093 -0.0610509
0.2916916 -0.0608210
0.2995359 -0.0605600
0.3074398 -0.0602687
0.3154013 -0.0599478
0.3234179 -0.0595980
0.3314875 -0.0592202
0.3396078 -0.0588151
0.3477763 -0.0583836
0.3559908 -0.0579265
0.3642490 -0.0574447
0.3725484 -0.0569389
0.3808868 -0.0564101
0.3892616 -0.0558592
0.3976706 -0.0552870
0.4061112 -0.0546944
0.4145812 -0.0540823
0.4230779 -0.0534516
0.4315991 -0.0528032
0.4401421 -0.0521379
0.4487046 -0.0514567
0.4572840 -0.0507604
0.4658779 -0.0500499
0.4744837 -0.0493261
0.4830990 -0.0485897
0.4917211 -0.0478418
0.5003477 -0.0470831
0.5089762 -0.0463144
0.5176040 -0.0455365
0.5262286 -0.0447503
0.5348384 -0.0439568
0.5434229 -0.0431591
0.5519973 -0.0423587
0.5605590 -0.0415563
0.5691055 -0.0407527
0.5776342 -0.0399485
0.5861426 -0.0391444
0.5946282 -0.0383410
0.6030885 -0.0375389
0.6115208 -0.0367387
0.6199228 -0.0359410
0.6282918 -0.0351462
0.6366253 -0.0343550
0.6449208 -0.0335677
0.6531758 -0.0327849
0.6613877 -0.0320070
0.6695541 -0.0312344
0.6776725 -0.0304676
0.6857404 -0.0297069
0.6937553 -0.0289526
0.7017148 -0.0282051
0.7096163 -0.0274648
0.7174574 -0.0267319
0.7252358 -0.0260067
0.7329490 -0.0252895
0.7405945 -0.0245804
0.7481701 -0.0238799
0.7556733 -0.0231880
0.7631017 -0.0225049
0.7704531 -0.0218309
0.7777252 -0.0211661
0.7849155 -0.0205108
0.7920220 -0.0198649
0.7990422 -0.0192287
0.8059740 -0.0186024
0.8128152 -0.0179860
0.8195635 -0.0173796
0.8262169 -0.0167834
0.8327731 -0.0161974
0.8392302 -0.0156218
0.8455859 -0.0150567
0.8518382 -0.0145020
0.8579852 -0.0139580
0.8640248 -0.0134247
0.8699551 -0.0129022
0.8757741 -0.0123905
0.8814799 -0.0118897
0.8870707 -0.0114000
0.8925446 -0.0109213
0.8978998 -0.0104537
0.9031346 -0.0099973
0.9082472 -0.0095522
0.9132359 -0.0091185
0.9180992 -0.0086962
0.9228353 -0.0082854
0.9274427 -0.0078861
0.9319198 -0.0074985
0.9362652 -0.0071227
0.9404774 -0.0067586
0.9445549 -0.0064063
0.9484965 -0.0060660
0.9523008 -0.0057378
0.9559664 -0.0054216
0.9594922 -0.0051176
0.9628769 -0.0048258
0.9661195 -0.0045464
0.9692187 -0.0042794
0.9721736 -0.0040248
0.9749831 -0.0037828
0.9776463 -0.0035534
0.9801623 -0.0033367
0.9825301 -0.0031328
0.9847490 -0.0029416
0.9868183 -0.0027634
0.9887371 -0.0025981
0.9905049 -0.0024458
0.9921211 -0.0023066
0.9935850 -0.0021804
0.9948962 -0.0020674
0.9960542 -0.0019676
0.9970586 -0.0018811
0.9979090 -0.0018078
0.9986053 -0.0017478
0.9991471 -0.0017011
0.9995342 -0.0016677
0.9997665 -0.0016477
0.9998440 -0.0016410
