AIRFOIL_LNY
1.0001392 0.0017818
1.0000643 0.0018029
0.9998393 0.0018660
0.9994645 0.0019712
0.9989399 0.0021184
0.9982656 0.0023074
0.9974419 0.0025380
0.9964689 0.0028101
0.9953470 0.0031234
0.9940764 0.0034776
0.9926575 0.0038724
0.9910907 0.0043075
0.9893764 0.0047825
0.9875151 0.0052970
0.9855073 0.0058504
0.9833536 0.0064424
0.9810545 0.0070724
0.9786107 0.0077399
0.9760229 0.0084444
0.9732918 0.0091851
0.9704181 0.0099614
0.9674027 0.0107728
0.9642464 0.0116186
0.9609501 0.0124979
0.9575147 0.0134102
0.9539411 0.0143546
0.9502304 0.0153304
0.9463836 0.0163368
0.9424019 0.0173729
0.9382862 0.0184379
0.9340379 0.0195310
0.9296580 0.0206514
0.9251479 0.0217980
0.9205088 0.0229701
0.9157420 0.0241667
0.9108490 0.0253870
0.9058310 0.0266298
0.9006896 0.0278945
0.8954261 0.0291799
0.8900423 0.0304851
0.8845394 0.0318092
0.8789193 0.0331511
0.8731834 0.0345099
0.8673335 0.0358846
0.8613712 0.0372743
0.8552983 0.0386778
0.8491166 0.0400942
0.8428278 0.0415226
0.8364337 0.0429618
0.8299363 0.0444110
0.8233375 0.0458690
0.8166391 0.0473349
0.8098432 0.0488076
0.8029518 0.0502861
0.7959669 0.0517694
0.7888905 0.0532566
0.7817247 0.0547464
0.7744717 0.0562381
0.7671336 0.0577305
0.7597126 0.0592225
0.7522110 0.0607133
0.7446308 0.0622017
0.7369745 0.0636868
0.7292442 0.0651675
0.7214423 0.0666428
0.7135712 0.0681116
0.7056332 0.0695731
0.6976307 0.0710260
0.6895660 0.0724695
0.6814417 0.0739024
0.6732602 0.0753238
0.6650239 0.0767327
0.6567353 0.0781280
0.6483970 0.0795087
0.6400115 0.0808738
0.6315813 0.0822222
0.6231090 0.0835530
0.6145972 0.0848652
0.6060485 0.0861576
0.5974655 0.0874294
0.5888508 0.0886794
0.5802070 0.0899068
0.5715369 0.0911104
0.5628431 0.0922894
0.5541282 0.0934426
0.5453949 0.0945692
0.5366460 0.0956681
0.5278842 0.0967384
0.5191121 0.0977790
0.5103325 0.0987891
0.5015481 0.0997677
0.4927616 0.1007139
0.4839758 0.1016267
0.4751935 0.1025052
0.4664173 0.1033486
0.4576500 0.1041559
0.4488943 0.1049263
0.4401531 0.1056589
0.4314290 0.1063530
0.4227247 0.1070077
0.4140431 0.1076222
0.4053869 0.1081958
0.3967587 0.1087278
0.3881614 0.1092173
0.3795976 0.1096638
0.3710700 0.1100666
0.3625814 0.1104251
0.3541345 0.1107386
0.3457318 0.1110066
0.3373762 0.1112287
0.3290702 0.1114042
0.3208165 0.1115328
0.3123423 0.1116002
0.3039259 0.1115924
0.2955717 0.1115097
0.2872829 0.1113524
0.2790626 0.1111209
0.2709137 0.1108157
0.2628392 0.1104374
0.2548422 0.1099866
0.2469255 0.1094640
0.2390921 0.1088704
0.2313449 0.1082066
0.2236866 0.1074736
0.2161202 0.1066723
0.2086483 0.1058037
0.2012736 0.1048690
0.1939989 0.1038694
0.1868268 0.1028061
0.1797598 0.1016803
0.1728004 0.1004934
0.1659512 0.0992469
0.1592145 0.0979421
0.1525927 0.0965806
0.1460880 0.0951639
0.1397029 0.0936937
0.1334393 0.0921714
0.1272996 0.0905989
0.1212856 0.0889778
0.1153995 0.0873099
0.1096431 0.0855969
0.1040184 0.0838406
0.0985271 0.0820428
0.0931709 0.0802053
0.0879517 0.0783301
0.0828709 0.0764189
0.0779301 0.0744736
0.0731308 0.0724961
0.0684744 0.0704882
0.0639623 0.0684518
0.0595957 0.0663888
0.0553758 0.0643010
0.0513038 0.0621901
0.0473807 0.0600581
0.0436077 0.0579068
0.0399855 0.0557377
0.0365152 0.0535528
0.0331974 0.0513537
0.0300331 0.0491420
0.0270228 0.0469194
0.0241673 0.0446874
0.0214670 0.0424475
0.0189225 0.0402014
0.0165342 0.0379503
0.0143025 0.0356956
0.0122279 0.0334387
0.0103104 0.0311807
0.0085504 0.0289230
0.0069481 0.0266666
0.0055034 0.0244125
0.0042165 0.0221617
0.0030874 0.0199152
0.0021161 0.0176738
0.0013023 0.0154382
0.0006461 0.0132091
0.0001470 0.0109872
-0.0001950 0.0087729
-0.0003803 0.0065667
-0.0004093 0.0043690
-0.0002824 0.0021800
0.0000000 0.0000000
0.0004347 -0.0021548
0.0010185 -0.0042682
0.0017508 -0.0063402
0.0026309 -0.0083706
0.0036583 -0.0103594
0.0048321 -0.0123065
0.0061515 -0.0142120
0.0076159 -0.0160756
0.0092242 -0.0178975
0.0109757 -0.0196776
0.0128694 -0.0214159
0.0149043 -0.0231122
0.0170795 -0.0247667
0.0193939 -0.0263794
0.0218463 -0.0279502
0.0244358 -0.0294791
0.0271611 -0.0309663
0.0300210 -0.0324117
0.0330145 -0.0338153
0.0361401 -0.0351774
0.0393968 -0.0364979
0.0427831 -0.0377769
0.0462977 -0.0390147
0.0499394 -0.0402112
0.0537067 -0.0413666
0.0575983 -0.0424812
0.0616127 -0.0435551
0.0657486 -0.0445885
0.0700045 -0.0455817
0.0743789 -0.0465349
0.0788704 -0.0474484
0.0834775 -0.0483225
0.0881986 -0.0491576
0.0930323 -0.0499539
0.0979771 -0.0507120
0.1030313 -0.0514321
0.1081936 -0.0521148
0.1134622 -0.0527606
0.1188357 -0.0533699
0.1243124 -0.0539432
0.1298909 -0.0544812
0.1355696 -0.0549844
0.1413467 -0.0554536
0.1472208 -0.0558892
0.1531903 -0.0562921
0.1592536 -0.0566629
0.1654090 -0.0570025
0.1716549 -0.0573115
0.1779898 -0.0575909
0.1844120 -0.0578415
0.1909198 -0.0580641
0.1975117 -0.0582597
0.2041860 -0.0584292
0.2109411 -0.0585736
0.2177753 -0.0586939
0.2246869 -0.0587910
0.2316743 -0.0588661
0.2387359 -0.0589203
0.2458698 -0.0589545
0.2530745 -0.0589699
0.2603482 -0.0589677
0.2676892 -0.0589490
0.2750958 -0.0589150
0.2825663 -0.0588667
0.2900988 -0.0588055
0.2976916 -0.0587326
0.3053430 -0.0586490
0.3130511 -0.0585561
0.3208156 -0.0584551
0.3289097 -0.0583343
0.3370557 -0.0581821
0.3452512 -0.0579992
0.3534938 -0.0577865
0.3617812 -0.0575446
0.3701109 -0.0572745
0.3784805 -0.0569767
0.3868875 -0.0566523
0.3953296 -0.0563019
0.4038041 -0.0559265
0.4123087 -0.0555269
0.4208408 -0.0551039
0.4293979 -0.0546584
0.4379776 -0.0541912
0.4465772 -0.0537032
0.4551943 -0.0531952
0.4638263 -0.0526681
0.4724706 -0.0521228
0.4811247 -0.0515601
0.4897860 -0.0509808
0.4984519 -0.0503857
0.5071199 -0.0497757
0.5157874 -0.0491517
0.5244518 -0.0485143
0.5331104 -0.0478644
0.5417608 -0.0472028
0.5504003 -0.0465303
0.5590263 -0.0458475
0.5676362 -0.0451553
0.5762274 -0.0444543
0.5847974 -0.0437453
0.5933435 -0.0430290
0.6018632 -0.0423061
0.6103538 -0.0415771
0.6188129 -0.0408428
0.6272377 -0.0401038
0.6356259 -0.0393606
0.6439747 -0.0386140
0.6522817 -0.0378645
0.6605443 -0.0371125
0.6687600 -0.0363588
0.6769262 -0.0356038
0.6850406 -0.0348480
0.6931005 -0.0340920
0.7011034 -0.0333362
0.7090470 -0.0325811
0.7169288 -0.0318272
0.7247463 -0.0310748
0.7324971 -0.0303245
0.7401788 -0.0295767
0.7477890 -0.0288318
0.7553254 -0.0280901
0.7627856 -0.0273522
0.7701673 -0.0266183
0.7774682 -0.0258888
0.7846860 -0.0251641
0.7918184 -0.0244446
0.7988632 -0.0237306
0.8058182 -0.0230224
0.8126813 -0.0223205
0.8194501 -0.0216250
0.8261227 -0.0209365
0.8326969 -0.0202551
0.8391706 -0.0195812
0.8455418 -0.0189152
0.8518085 -0.0182573
0.8579686 -0.0176079
0.8640202 -0.0169673
0.8699614 -0.0163358
0.8757903 -0.0157136
0.8815050 -0.0151012
0.8871037 -0.0144988
0.8925846 -0.0139067
0.8979459 -0.0133253
0.9031860 -0.0127547
0.9083031 -0.0121955
0.9132956 -0.0116477
0.9181618 -0.0111118
0.9229002 -0.0105880
0.9275093 -0.0100766
0.9319875 -0.0095780
0.9363335 -0.0090923
0.9405457 -0.0086200
0.9446229 -0.0081612
0.9485636 -0.0077164
0.9523667 -0.0072856
0.9560308 -0.0068693
0.9595548 -0.0064676
0.9629374 -0.0060809
0.9661777 -0.0057094
0.9692745 -0.0053534
0.9722268 -0.0050130
0.9750336 -0.0046886
0.9776940 -0.0043803
0.9802072 -0.0040884
0.9825723 -0.0038131
0.9847884 -0.0035546
0.9868550 -0.0033130
0.9887712 -0.0030886
0.9905365 -0.0028815
0.9921503 -0.0026919
0.9936120 -0.0025199
0.9949211 -0.0023656
0.9960773 -0.0022292
0.9970800 -0.0021108
0.9979291 -0.0020104
0.9986242 -0.0019282
0.9991651 -0.0018642
0.9995515 -0.0018184
0.9997834 -0.0017910
0.9998608 -0.0017818
