AIRFOIL_LNY
1.0000987 0.0012832
1.0000233 0.0013000
0.9997974 0.0013502
0.9994208 0.0014338
0.9988938 0.0015507
0.9982165 0.0017009
0.9973891 0.0018841
0.9964118 0.0021003
0.9952849 0.0023493
0.9940086 0.0026307
0.9925835 0.0029444
0.9910098 0.0032900
0.9892881 0.0036673
0.9874187 0.0040759
0.9854023 0.0045155
0.9832394 0.0049856
0.9809307 0.0054859
0.9784767 0.0060159
0.9758782 0.0065752
0.9731359 0.0071632
0.9702507 0.0077794
0.9672233 0.0084234
0.9640546 0.0090945
0.9607455 0.0097921
0.9572970 0.0105158
0.9537100 0.0112648
0.9499856 0.0120386
0.9461249 0.0128364
0.9421289 0.0136577
0.9379988 0.0145017
0.9337359 0.0153678
0.9293413 0.0162552
0.9248163 0.0171632
0.9201623 0.0180912
0.9153805 0.0190382
0.9104724 0.0200037
0.9054394 0.0209868
0.9002830 0.0219868
0.8950046 0.0230028
0.8896059 0.0240342
0.8840883 0.0250800
0.8784536 0.0261396
0.8727033 0.0272120
0.8668392 0.0282966
0.8608629 0.0293924
0.8547762 0.0304986
0.8485810 0.0316146
0.8422791 0.0327393
0.8358722 0.0338720
0.8293624 0.0350119
0.8227515 0.0361581
0.8160415 0.0373099
0.8092344 0.0384663
0.8023321 0.0396266
0.7953369 0.0407899
0.7882507 0.0419554
0.7810757 0.0431222
0.7738139 0.0442896
0.7664677 0.0454567
0.7590391 0.0466227
0.7515304 0.0477867
0.7439438 0.0489480
0.7362817 0.0501057
0.7285463 0.0512590
0.7207399 0.0524070
0.7128649 0.0535490
0.7049238 0.0546841
0.6969187 0.0558116
0.6888523 0.0569306
0.6807269 0.0580402
0.6725450 0.0591398
0.6643090 0.0602285
0.6560215 0.0613054
0.6476850 0.0623698
0.6393020 0.0634210
0.6308751 0.0644580
0.6224068 0.0654802
0.6138997 0.0664867
0.6053564 0.0674767
0.5967795 0.0684495
0.5881717 0.0694043
0.5795356 0.0703403
0.5708737 0.0712569
0.5621889 0.0721531
0.5534837 0.0730283
0.5447608 0.0738818
0.5360230 0.0747128
0.5272728 0.0755205
0.5185131 0.0763043
0.5097465 0.0770635
0.5009757 0.0777973
0.4922034 0.0785052
0.4834324 0.0791863
0.4746653 0.0798401
0.4659050 0.0804659
0.4571540 0.0810631
0.4484152 0.0816310
0.4396913 0.0821691
0.4309850 0.0826768
0.4222989 0.0831535
0.4136359 0.0835987
0.4049985 0.0840118
0.3963896 0.0843924
0.3878118 0.0847399
0.3792678 0.0850539
0.3707603 0.0853340
0.3622920 0.0855797
0.3538654 0.0857907
0.3454625 0.0859664
0.3369758 0.0860933
0.3285392 0.0861635
0.3201555 0.0861771
0.3118276 0.0861343
0.3035584 0.0860353
0.2953506 0.0858804
0.2872071 0.0856699
0.2791307 0.0854043
0.2711241 0.0850839
0.2631900 0.0847093
0.2553313 0.0842810
0.2475505 0.0837997
0.2398504 0.0832659
0.2322335 0.0826804
0.2247025 0.0820439
0.2172600 0.0813574
0.2099084 0.0806215
0.2026502 0.0798372
0.1954880 0.0790054
0.1884241 0.0781272
0.1814610 0.0772036
0.1746009 0.0762357
0.1678461 0.0752245
0.1611989 0.0741712
0.1546616 0.0730770
0.1482362 0.0719431
0.1419249 0.0707708
0.1357297 0.0695614
0.1296527 0.0683161
0.1236958 0.0670363
0.1178609 0.0657234
0.1121499 0.0643788
0.1065646 0.0630037
0.1011068 0.0615997
0.0957781 0.0601682
0.0905803 0.0587106
0.0855149 0.0572283
0.0805834 0.0557228
0.0757874 0.0541955
0.0711283 0.0526479
0.0666074 0.0510815
0.0622260 0.0494976
0.0579855 0.0478977
0.0538871 0.0462832
0.0499318 0.0446555
0.0461209 0.0430160
0.0424553 0.0413660
0.0389360 0.0397070
0.0355640 0.0380401
0.0323401 0.0363668
0.0292652 0.0346882
0.0263400 0.0330055
0.0235653 0.0313200
0.0209416 0.0296328
0.0184697 0.0279450
0.0161501 0.0262577
0.0139833 0.0245719
0.0119697 0.0228886
0.0101097 0.0212086
0.0084037 0.0195329
0.0068519 0.0178623
0.0054547 0.0161976
0.0042122 0.0145394
0.0031246 0.0128884
0.0021919 0.0112453
0.0014143 0.0096105
0.0007916 0.0079846
0.0003239 0.0063679
0.0000111 0.0047608
-0.0001471 0.0031637
-0.0001507 0.0015767
0.0000000 0.0000000
0.0003030 -0.0015546
0.0007562 -0.0030755
0.0013594 -0.0045624
0.0021120 -0.0060155
0.0030137 -0.0074347
0.0040638 -0.0088198
0.0052619 -0.0101710
0.0066073 -0.0114881
0.0080994 -0.0127712
0.0097375 -0.0140203
0.0115209 -0.0152353
0.0134487 -0.0164163
0.0155203 -0.0175634
0.0177346 -0.0186765
0.0200909 -0.0197557
0.0225882 -0.0208012
0.0252255 -0.0218129
0.0280018 -0.0227910
0.0309162 -0.0237356
0.0339674 -0.0246467
0.0371544 -0.0255246
0.0404761 -0.0263694
0.0439312 -0.0271813
0.0475186 -0.0279604
0.0512370 -0.0287069
0.0550851 -0.0294211
0.0590617 -0.0301033
0.0631653 -0.0307535
0.0673948 -0.0313723
0.0717486 -0.0319598
0.0762253 -0.0325163
0.0808237 -0.0330423
0.0855420 -0.0335381
0.0903790 -0.0340040
0.0953331 -0.0344405
0.1004027 -0.0348480
0.1055863 -0.0352270
0.1108825 -0.0355779
0.1162894 -0.0359013
0.1218057 -0.0361976
0.1274295 -0.0364675
0.1331594 -0.0367116
0.1389936 -0.0369303
0.1449305 -0.0371244
0.1509683 -0.0372945
0.1571054 -0.0374412
0.1633401 -0.0375653
0.1696704 -0.0376675
0.1760949 -0.0377485
0.1826115 -0.0378091
0.1892186 -0.0378500
0.1959144 -0.0378722
0.2026970 -0.0378763
0.2095645 -0.0378633
0.2165152 -0.0378340
0.2235471 -0.0377893
0.2306585 -0.0377300
0.2378472 -0.0376572
0.2451116 -0.0375716
0.2524495 -0.0374743
0.2598591 -0.0373661
0.2673384 -0.0372481
0.2748854 -0.0371211
0.2824982 -0.0369863
0.2901746 -0.0368444
0.2979127 -0.0366966
0.3057105 -0.0365437
0.3135658 -0.0363868
0.3214765 -0.0362268
0.3294407 -0.0360647
0.3374560 -0.0359014
0.3455205 -0.0357380
0.3537629 -0.0355678
0.3620707 -0.0353792
0.3704206 -0.0351725
0.3788103 -0.0349485
0.3872371 -0.0347077
0.3956987 -0.0344507
0.4041925 -0.0341781
0.4127160 -0.0338907
0.4212666 -0.0335890
0.4298419 -0.0332737
0.4384393 -0.0329454
0.4470563 -0.0326048
0.4556902 -0.0322524
0.4643386 -0.0318889
0.4729987 -0.0315149
0.4816681 -0.0311310
0.4903442 -0.0307378
0.4990243 -0.0303360
0.5077059 -0.0299260
0.5163864 -0.0295086
0.5250631 -0.0290842
0.5337335 -0.0286533
0.5423949 -0.0282167
0.5510448 -0.0277747
0.5596804 -0.0273279
0.5682994 -0.0268767
0.5768989 -0.0264218
0.5854765 -0.0259635
0.5940295 -0.0255024
0.6025553 -0.0250388
0.6110514 -0.0245732
0.6195151 -0.0241060
0.6279439 -0.0236377
0.6363353 -0.0231686
0.6446867 -0.0226990
0.6529954 -0.0222294
0.6612591 -0.0217601
0.6694752 -0.0212914
0.6776410 -0.0208237
0.6857543 -0.0203571
0.6938124 -0.0198922
0.7018129 -0.0194290
0.7097533 -0.0189679
0.7176312 -0.0185091
0.7254442 -0.0180530
0.7331899 -0.0175996
0.7408658 -0.0171492
0.7484696 -0.0167021
0.7559990 -0.0162585
0.7634516 -0.0158185
0.7708251 -0.0153823
0.7781172 -0.0149501
0.7853257 -0.0145220
0.7924484 -0.0140984
0.7994829 -0.0136792
0.8064271 -0.0132647
0.8132789 -0.0128549
0.8200361 -0.0124502
0.8266966 -0.0120505
0.8332584 -0.0116560
0.8397193 -0.0112669
0.8460773 -0.0108833
0.8523305 -0.0105053
0.8584769 -0.0101331
0.8645145 -0.0097668
0.8704415 -0.0094064
0.8762560 -0.0090522
0.8819561 -0.0087043
0.8875401 -0.0083627
0.8930061 -0.0080276
0.8983525 -0.0076992
0.9035776 -0.0073775
0.9086796 -0.0070627
0.9136570 -0.0067549
0.9185083 -0.0064542
0.9232318 -0.0061608
0.9278260 -0.0058747
0.9322895 -0.0055962
0.9366209 -0.0053253
0.9408187 -0.0050621
0.9448817 -0.0048068
0.9488084 -0.0045594
0.9525978 -0.0043202
0.9562485 -0.0040893
0.9597593 -0.0038667
0.9631293 -0.0036525
0.9663571 -0.0034470
0.9694419 -0.0032501
0.9723826 -0.0030621
0.9751783 -0.0028830
0.9778281 -0.0027129
0.9803310 -0.0025520
0.9826864 -0.0024003
0.9848934 -0.0022579
0.9869514 -0.0021249
0.9888595 -0.0020014
0.9906174 -0.0018875
0.9922243 -0.0017832
0.9936797 -0.0016886
0.9949832 -0.0016039
0.9961344 -0.0015289
0.9971328 -0.0014639
0.9979782 -0.0014088
0.9986702 -0.0013636
0.9992087 -0.0013285
0.9995935 -0.0013033
0.9998244 -0.0012883
0.9999013 -0.0012832
