AIRFOIL_LNY
1.0003505 0.0015641
1.0002773 0.0015944
1.0000576 0.0016854
0.9996914 0.0018369
0.9991790 0.0020488
0.9985203 0.0023209
0.9977154 0.0026528
0.9967646 0.0030442
0.9956681 0.0034946
0.9944260 0.0040036
0.9930386 0.0045706
0.9915062 0.0051949
0.9898291 0.0058759
0.9880077 0.0066128
0.9860422 0.0074049
0.9839332 0.0082512
0.9816811 0.0091508
0.9792863 0.0101027
0.9767493 0.0111060
0.9740707 0.0121594
0.9712510 0.0132619
0.9682908 0.0144122
0.9651908 0.0156092
0.9619516 0.0168514
0.9585740 0.0181377
0.9550586 0.0194664
0.9514063 0.0208364
0.9476178 0.0222460
0.9436940 0.0236937
0.9396358 0.0251781
0.9354441 0.0266974
0.9311198 0.0282502
0.9266640 0.0298346
0.9220777 0.0314492
0.9173619 0.0330921
0.9125177 0.0347615
0.9075463 0.0364558
0.9024490 0.0381732
0.8972268 0.0399118
0.8918810 0.0416698
0.8864130 0.0434453
0.8808242 0.0452366
0.8751158 0.0470417
0.8692893 0.0488587
0.8633462 0.0506858
0.8572879 0.0525210
0.8511161 0.0543624
0.8448322 0.0562082
0.8384380 0.0580563
0.8319350 0.0599050
0.8253250 0.0617521
0.8186097 0.0635960
0.8117909 0.0654345
0.8048704 0.0672659
0.7978501 0.0690881
0.7907319 0.0708994
0.7835177 0.0726979
0.7762096 0.0744815
0.7688094 0.0762486
0.7613194 0.0779972
0.7537415 0.0797256
0.7460780 0.0814318
0.7383310 0.0831142
0.7305027 0.0847708
0.7225953 0.0864001
0.7146113 0.0880001
0.7065528 0.0895693
0.6984223 0.0911059
0.6902221 0.0926083
0.6819548 0.0940747
0.6736227 0.0955037
0.6652284 0.0968937
0.6567745 0.0982430
0.6482634 0.0995502
0.6396979 0.1008138
0.6310806 0.1020323
0.6224141 0.1032044
0.6137012 0.1043285
0.6049447 0.1054035
0.5961472 0.1064280
0.5873116 0.1074008
0.5784408 0.1083206
0.5695590 0.1091864
0.5607487 0.1100089
0.5519154 0.1107930
0.5430618 0.1115379
0.5341907 0.1122427
0.5253051 0.1129064
0.5164076 0.1135284
0.5075013 0.1141077
0.4985890 0.1146436
0.4896735 0.1151353
0.4807578 0.1155822
0.4718448 0.1159835
0.4629373 0.1163386
0.4540384 0.1166469
0.4451510 0.1169077
0.4362779 0.1171206
0.4274222 0.1172850
0.4185867 0.1174004
0.4097745 0.1174663
0.4009884 0.1174825
0.3922313 0.1174485
0.3835063 0.1173640
0.3748162 0.1172287
0.3661641 0.1170424
0.3575527 0.1168049
0.3489850 0.1165161
0.3404639 0.1161758
0.3319923 0.1157840
0.3235731 0.1153408
0.3152090 0.1148460
0.3069031 0.1142999
0.2986580 0.1137025
0.2904766 0.1130540
0.2823617 0.1123548
0.2743161 0.1116050
0.2663424 0.1108050
0.2584434 0.1099552
0.2506217 0.1090559
0.2428801 0.1081078
0.2352212 0.1071113
0.2276475 0.1060670
0.2201616 0.1049756
0.2127660 0.1038377
0.2054633 0.1026540
0.1982558 0.1014253
0.1911461 0.1001524
0.1841364 0.0988362
0.1772291 0.0974776
0.1704266 0.0960776
0.1637310 0.0946370
0.1571445 0.0931571
0.1506694 0.0916387
0.1443078 0.0900830
0.1380616 0.0884912
0.1319330 0.0868644
0.1259239 0.0852038
0.1200361 0.0835106
0.1142717 0.0817861
0.1086324 0.0800316
0.1031200 0.0782483
0.0977361 0.0764377
0.0924825 0.0746009
0.0873608 0.0727393
0.0823725 0.0708544
0.0775191 0.0689475
0.0728021 0.0670199
0.0682229 0.0650731
0.0637828 0.0631083
0.0594831 0.0611271
0.0553251 0.0591307
0.0513098 0.0571205
0.0474385 0.0550980
0.0437122 0.0530643
0.0401320 0.0510209
0.0366987 0.0489690
0.0334133 0.0469099
0.0302767 0.0448449
0.0272897 0.0427753
0.0244530 0.0407022
0.0217673 0.0386267
0.0192334 0.0365501
0.0168516 0.0344734
0.0146227 0.0323977
0.0125471 0.0303240
0.0106253 0.0282533
0.0088577 0.0261864
0.0072445 0.0241244
0.0057862 0.0220680
0.0044829 0.0200179
0.0033349 0.0179749
0.0023423 0.0159398
0.0015053 0.0139130
0.0008238 0.0118952
0.0002979 0.0098868
-0.0000724 0.0078883
-0.0002872 0.0059001
-0.0003466 0.0039225
-0.0002508 0.0019557
0.0000000 0.0000000
0.0004031 -0.0019301
0.0009557 -0.0038200
0.0016576 -0.0056696
0.0025083 -0.0074788
0.0035074 -0.0092475
0.0046543 -0.0109755
0.0059486 -0.0126627
0.0073896 -0.0143089
0.0089768 -0.0159141
0.0107093 -0.0174781
0.0125866 -0.0190008
0.0146079 -0.0204820
0.0167723 -0.0219215
0.0190789 -0.0233192
0.0215270 -0.0246751
0.0241156 -0.0259888
0.0268436 -0.0272604
0.0297101 -0.0284897
0.0327141 -0.0296765
0.0358544 -0.0308207
0.0391299 -0.0319223
0.0425394 -0.0329810
0.0460818 -0.0339969
0.0497559 -0.0349698
0.0535603 -0.0358997
0.0574937 -0.0367865
0.0615550 -0.0376302
0.0657426 -0.0384307
0.0700552 -0.0391881
0.0744915 -0.0399023
0.0790499 -0.0405734
0.0837290 -0.0412015
0.0885273 -0.0417866
0.0934433 -0.0423288
0.0984755 -0.0428282
0.1036222 -0.0432851
0.1088820 -0.0436996
0.1142531 -0.0440718
0.1197341 -0.0444021
0.1253232 -0.0446906
0.1310187 -0.0449377
0.1368190 -0.0451437
0.1427224 -0.0453090
0.1487272 -0.0454339
0.1548316 -0.0455188
0.1610339 -0.0455643
0.1673322 -0.0455707
0.1737248 -0.0455386
0.1802100 -0.0454686
0.1867858 -0.0453611
0.1934505 -0.0452169
0.2002021 -0.0450365
0.2070389 -0.0448206
0.2139589 -0.0445699
0.2209603 -0.0442852
0.2280411 -0.0439671
0.2351994 -0.0436166
0.2424333 -0.0432343
0.2497408 -0.0428212
0.2571199 -0.0423780
0.2645687 -0.0419058
0.2720851 -0.0414053
0.2796671 -0.0408775
0.2873128 -0.0403234
0.2950200 -0.0397439
0.3027867 -0.0391400
0.3106109 -0.0385127
0.3184903 -0.0378630
0.3264230 -0.0371920
0.3344068 -0.0365007
0.3424395 -0.0357901
0.3505191 -0.0350613
0.3586433 -0.0343153
0.3668100 -0.0335532
0.3750169 -0.0327760
0.3832619 -0.0319849
0.3915426 -0.0311808
0.3998570 -0.0303649
0.4082026 -0.0295381
0.4165773 -0.0287016
0.4249788 -0.0278562
0.4334047 -0.0270032
0.4418527 -0.0261434
0.4503205 -0.0252780
0.4588058 -0.0244077
0.4673062 -0.0235337
0.4758193 -0.0226568
0.4843427 -0.0217781
0.4928741 -0.0208983
0.5014110 -0.0200183
0.5099511 -0.0191391
0.5184919 -0.0182615
0.5270309 -0.0173862
0.5355657 -0.0165140
0.5440939 -0.0156458
0.5526131 -0.0147821
0.5611206 -0.0139238
0.5696141 -0.0130715
0.5779936 -0.0122312
0.5863365 -0.0114140
0.5946618 -0.0106206
0.6029670 -0.0098513
0.6112498 -0.0091067
0.6195078 -0.0083868
0.6277384 -0.0076922
0.6359394 -0.0070229
0.6441083 -0.0063791
0.6522425 -0.0057611
0.6603397 -0.0051687
0.6683974 -0.0046022
0.6764132 -0.0040614
0.6843845 -0.0035463
0.6923088 -0.0030569
0.7001838 -0.0025929
0.7080070 -0.0021542
0.7157758 -0.0017405
0.7234878 -0.0013516
0.7311406 -0.0009873
0.7387316 -0.0006470
0.7462585 -0.0003305
0.7537187 -0.0000373
0.7611098 0.0002329
0.7684295 0.0004807
0.7756752 0.0007066
0.7828445 0.0009111
0.7899351 0.0010947
0.7969446 0.0012581
0.8038706 0.0014018
0.8107107 0.0015265
0.8174626 0.0016328
0.8241240 0.0017213
0.8306926 0.0017928
0.8371661 0.0018479
0.8435423 0.0018874
0.8498189 0.0019119
0.8559936 0.0019222
0.8620644 0.0019189
0.8680290 0.0019029
0.8738854 0.0018749
0.8796314 0.0018356
0.8852649 0.0017857
0.8907840 0.0017260
0.8961866 0.0016572
0.9014707 0.0015801
0.9066343 0.0014953
0.9116757 0.0014037
0.9165929 0.0013059
0.9213841 0.0012026
0.9260475 0.0010946
0.9305813 0.0009825
0.9349839 0.0008670
0.9392536 0.0007488
0.9433887 0.0006284
0.9473878 0.0005066
0.9512492 0.0003839
0.9549715 0.0002610
0.9585532 0.0001385
0.9619931 0.0000168
0.9652896 -0.0001034
0.9684417 -0.0002217
0.9714479 -0.0003375
0.9743072 -0.0004503
0.9770185 -0.0005597
0.9795806 -0.0006653
0.9819926 -0.0007666
0.9842535 -0.0008632
0.9863624 -0.0009548
0.9883185 -0.0010410
0.9901210 -0.0011215
0.9917692 -0.0011960
0.9932624 -0.0012643
0.9946000 -0.0013260
0.9957815 -0.0013810
0.9968065 -0.0014291
0.9976744 -0.0014700
0.9983851 -0.0015037
0.9989381 -0.0015300
0.9993333 -0.0015489
0.9995704 -0.0015603
0.9996495 -0.0015641
