AIRFOIL_LNY
1.0001774 0.0016587
1.0001028 0.0016809
0.9998788 0.0017475
0.9995055 0.0018585
0.9989831 0.0020137
0.9983117 0.0022130
0.9974914 0.0024562
0.9965225 0.0027432
0.9954053 0.0030735
0.9941399 0.0034470
0.9927269 0.0038633
0.9911664 0.0043221
0.9894590 0.0048228
0.9876052 0.0053651
0.9856053 0.0059484
0.9834599 0.0065723
0.9811697 0.0072362
0.9787352 0.0079395
0.9761571 0.0086815
0.9734361 0.0094617
0.9705729 0.0102794
0.9675682 0.0111337
0.9644230 0.0120240
0.9611380 0.0129496
0.9577141 0.0139095
0.9541523 0.0149031
0.9504536 0.0159294
0.9466189 0.0169876
0.9426493 0.0180768
0.9385459 0.0191961
0.9343099 0.0203445
0.9299424 0.0215211
0.9254445 0.0227250
0.9208177 0.0239551
0.9160630 0.0252105
0.9111820 0.0264902
0.9061758 0.0277930
0.9010461 0.0291181
0.8957941 0.0304643
0.8904213 0.0318306
0.8849293 0.0332159
0.8793197 0.0346192
0.8735940 0.0360394
0.8677538 0.0374753
0.8618008 0.0389259
0.8557367 0.0403901
0.8495633 0.0418668
0.8432823 0.0433549
0.8368955 0.0448532
0.8304048 0.0463608
0.8238121 0.0478763
0.8171191 0.0493988
0.8103280 0.0509272
0.8034407 0.0524602
0.7964591 0.0539968
0.7893853 0.0555359
0.7822214 0.0570764
0.7749695 0.0586171
0.7676317 0.0601570
0.7602102 0.0616949
0.7527072 0.0632297
0.7451248 0.0647603
0.7374654 0.0662856
0.7297312 0.0678046
0.7219245 0.0693160
0.7140476 0.0708189
0.7061029 0.0723121
0.6980928 0.0737946
0.6900197 0.0752652
0.6818860 0.0767228
0.6736941 0.0781665
0.6654465 0.0795951
0.6571458 0.0810075
0.6487943 0.0824027
0.6403948 0.0837797
0.6319496 0.0851373
0.6234614 0.0864746
0.6149328 0.0877905
0.6063664 0.0890839
0.5977648 0.0903538
0.5891307 0.0915993
0.5804667 0.0928193
0.5717754 0.0940127
0.5630596 0.0951787
0.5543220 0.0963162
0.5455653 0.0974243
0.5367921 0.0985019
0.5280053 0.0995482
0.5192076 0.1005622
0.5104017 0.1015431
0.5015903 0.1024898
0.4927763 0.1034015
0.4839624 0.1042773
0.4751515 0.1051164
0.4663462 0.1059180
0.4575493 0.1066812
0.4487637 0.1074052
0.4399922 0.1080893
0.4312374 0.1087327
0.4225023 0.1093348
0.4137896 0.1098947
0.4051021 0.1104119
0.3964425 0.1108857
0.3878137 0.1113155
0.3792183 0.1117007
0.3706593 0.1120408
0.3620545 0.1123335
0.3533522 0.1125597
0.3446944 0.1127147
0.3360842 0.1127983
0.3275247 0.1128107
0.3190191 0.1127520
0.3105703 0.1126225
0.3021816 0.1124224
0.2938558 0.1121521
0.2855961 0.1118120
0.2774055 0.1114026
0.2692869 0.1109246
0.2612433 0.1103784
0.2532776 0.1097649
0.2453927 0.1090847
0.2375915 0.1083388
0.2298769 0.1075281
0.2222515 0.1066534
0.2147182 0.1057159
0.2072796 0.1047165
0.1999385 0.1036566
0.1926975 0.1025373
0.1855590 0.1013597
0.1785258 0.1001254
0.1716002 0.0988356
0.1647846 0.0974917
0.1580815 0.0960953
0.1514931 0.0946478
0.1450218 0.0931508
0.1386697 0.0916058
0.1324390 0.0900146
0.1263318 0.0883788
0.1203500 0.0867001
0.1144958 0.0849801
0.1087709 0.0832208
0.1031773 0.0814237
0.0977166 0.0795908
0.0923907 0.0777238
0.0872012 0.0758245
0.0821497 0.0738949
0.0772376 0.0719366
0.0724666 0.0699515
0.0678379 0.0679416
0.0633529 0.0659085
0.0590129 0.0638541
0.0548190 0.0617802
0.0507725 0.0596885
0.0468744 0.0575810
0.0431256 0.0554592
0.0395272 0.0533249
0.0360801 0.0511798
0.0327851 0.0490256
0.0296428 0.0468638
0.0266541 0.0446960
0.0238197 0.0425238
0.0211399 0.0403485
0.0186155 0.0381718
0.0162469 0.0359949
0.0140344 0.0338192
0.0119784 0.0316459
0.0100793 0.0294762
0.0083373 0.0273114
0.0067525 0.0251524
0.0053251 0.0230003
0.0040552 0.0208560
0.0029429 0.0187205
0.0019880 0.0165944
0.0011906 0.0144786
0.0005504 0.0123737
0.0000674 0.0102803
-0.0002587 0.0081988
-0.0004281 0.0061297
-0.0004412 0.0040734
-0.0002984 0.0020301
0.0000000 0.0000000
0.0004507 -0.0020018
0.0010504 -0.0039603
0.0017986 -0.0058753
0.0026946 -0.0077469
0.0037379 -0.0095750
0.0049277 -0.0113595
0.0062633 -0.0131006
0.0077439 -0.0147980
0.0093688 -0.0164519
0.0111370 -0.0180622
0.0130477 -0.0196290
0.0150999 -0.0211523
0.0172927 -0.0226321
0.0196250 -0.0240685
0.0220957 -0.0254616
0.0247039 -0.0268113
0.0274484 -0.0281179
0.0303280 -0.0293813
0.0333415 -0.0306018
0.0364877 -0.0317794
0.0397654 -0.0329143
0.0431733 -0.0340067
0.0467101 -0.0350567
0.0503744 -0.0360645
0.0541650 -0.0370304
0.0580803 -0.0379547
0.0621191 -0.0388374
0.0662799 -0.0396791
0.0705613 -0.0404798
0.0749617 -0.0412401
0.0794798 -0.0419602
0.0841140 -0.0426405
0.0888628 -0.0432814
0.0937248 -0.0438834
0.0986983 -0.0444469
0.1037818 -0.0449723
0.1089738 -0.0454603
0.1142726 -0.0459114
0.1196768 -0.0463260
0.1251847 -0.0467049
0.1307946 -0.0470487
0.1365051 -0.0473580
0.1423145 -0.0476335
0.1482212 -0.0478759
0.1542235 -0.0480860
0.1603198 -0.0482646
0.1665085 -0.0484124
0.1727879 -0.0485304
0.1791564 -0.0486194
0.1856122 -0.0486802
0.1921538 -0.0487139
0.1987795 -0.0487213
0.2054875 -0.0487035
0.2122762 -0.0486614
0.2191439 -0.0485961
0.2260889 -0.0485087
0.2331095 -0.0484001
0.2402039 -0.0482715
0.2473704 -0.0481241
0.2546073 -0.0479589
0.2619128 -0.0477770
0.2692852 -0.0475798
0.2767226 -0.0473682
0.2842234 -0.0471436
0.2917856 -0.0469071
0.2994075 -0.0466600
0.3070873 -0.0464033
0.3148231 -0.0461385
0.3226130 -0.0458665
0.3304551 -0.0455888
0.3383476 -0.0453064
0.3462886 -0.0450207
0.3542761 -0.0447327
0.3623082 -0.0444438
0.3705217 -0.0441506
0.3788598 -0.0438374
0.3872353 -0.0435035
0.3956458 -0.0431496
0.4040889 -0.0427766
0.4125622 -0.0423853
0.4210632 -0.0419766
0.4295895 -0.0415512
0.4381385 -0.0411102
0.4467078 -0.0406542
0.4552949 -0.0401841
0.4638974 -0.0397008
0.4725126 -0.0392049
0.4811381 -0.0386974
0.4897713 -0.0381791
0.4984097 -0.0376507
0.5070508 -0.0371129
0.5156919 -0.0365665
0.5243306 -0.0360124
0.5329643 -0.0354511
0.5415905 -0.0348834
0.5502065 -0.0343099
0.5588097 -0.0337315
0.5673977 -0.0331486
0.5759678 -0.0325619
0.5845175 -0.0319721
0.5930442 -0.0313797
0.6015453 -0.0307853
0.6100182 -0.0301894
0.6184605 -0.0295926
0.6268694 -0.0289954
0.6352426 -0.0283983
0.6435774 -0.0278017
0.6518712 -0.0272062
0.6601216 -0.0266120
0.6683260 -0.0260197
0.6764820 -0.0254296
0.6845869 -0.0248421
0.6926383 -0.0242575
0.7006337 -0.0236762
0.7085706 -0.0230986
0.7164467 -0.0225248
0.7242593 -0.0219553
0.7320062 -0.0213901
0.7396848 -0.0208298
0.7472928 -0.0202743
0.7548279 -0.0197241
0.7622876 -0.0191793
0.7696695 -0.0186401
0.7769715 -0.0181068
0.7841911 -0.0175794
0.7913262 -0.0170582
0.7983744 -0.0165433
0.8053335 -0.0160350
0.8122012 -0.0155333
0.8189755 -0.0150384
0.8256542 -0.0145505
0.8322351 -0.0140697
0.8387160 -0.0135961
0.8450951 -0.0131298
0.8513700 -0.0126711
0.8575390 -0.0122199
0.8635999 -0.0117764
0.8695509 -0.0113408
0.8753899 -0.0109131
0.8811151 -0.0104936
0.8867247 -0.0100822
0.8922167 -0.0096791
0.8975894 -0.0092845
0.9028411 -0.0088984
0.9079701 -0.0085210
0.9129745 -0.0081524
0.9178529 -0.0077926
0.9226036 -0.0074419
0.9272249 -0.0071003
0.9317155 -0.0067680
0.9360738 -0.0064451
0.9402983 -0.0061317
0.9443876 -0.0058279
0.9483405 -0.0055338
0.9521555 -0.0052496
0.9558314 -0.0049754
0.9593669 -0.0047113
0.9627609 -0.0044575
0.9660122 -0.0042139
0.9691198 -0.0039808
0.9720825 -0.0037583
0.9748994 -0.0035464
0.9775695 -0.0033453
0.9800920 -0.0031551
0.9824659 -0.0029759
0.9846904 -0.0028078
0.9867649 -0.0026508
0.9886886 -0.0025051
0.9904608 -0.0023707
0.9920809 -0.0022478
0.9935484 -0.0021363
0.9948628 -0.0020364
0.9960236 -0.0019481
0.9970305 -0.0018714
0.9978830 -0.0018065
0.9985809 -0.0017533
0.9991240 -0.0017119
0.9995120 -0.0016823
0.9997449 -0.0016646
0.9998226 -0.0016587
