AIRFOIL_LNY
1.0002235 0.0015725
1.0001492 0.0015966
0.9999264 0.0016691
0.9995550 0.0017898
0.9990352 0.0019586
0.9983671 0.0021753
0.9975508 0.0024397
0.9965866 0.0027516
0.9954747 0.0031105
0.9942153 0.0035161
0.9928088 0.0039680
0.9912554 0.0044658
0.9895557 0.0050088
0.9877099 0.0055966
0.9857185 0.0062285
0.9835821 0.0069039
0.9813011 0.0076220
0.9788761 0.0083822
0.9763076 0.0091836
0.9735964 0.0100254
0.9707431 0.0109068
0.9677484 0.0118269
0.9646130 0.0127847
0.9613378 0.0137792
0.9579235 0.0148095
0.9543710 0.0158745
0.9506812 0.0169732
0.9468550 0.0181044
0.9428935 0.0192670
0.9387976 0.0204599
0.9345684 0.0216819
0.9302069 0.0229317
0.9257143 0.0242083
0.9210918 0.0255102
0.9163406 0.0268363
0.9114619 0.0281852
0.9064570 0.0295557
0.9013272 0.0309464
0.8960739 0.0323561
0.8906984 0.0337833
0.8852024 0.0352267
0.8795871 0.0366849
0.8738541 0.0381566
0.8680050 0.0396404
0.8620413 0.0411349
0.8559648 0.0426387
0.8497770 0.0441503
0.8434797 0.0456685
0.8370746 0.0471917
0.8305635 0.0487187
0.8239482 0.0502479
0.8172305 0.0517779
0.8104125 0.0533075
0.8034958 0.0548351
0.7964827 0.0563594
0.7893749 0.0578789
0.7821747 0.0593924
0.7748839 0.0608984
0.7675048 0.0623955
0.7600395 0.0638825
0.7524901 0.0653578
0.7448588 0.0668203
0.7371479 0.0682684
0.7293595 0.0697010
0.7214962 0.0711167
0.7135600 0.0725142
0.7055534 0.0738922
0.6974788 0.0752494
0.6893386 0.0765846
0.6811353 0.0778965
0.6728712 0.0791839
0.6645490 0.0804455
0.6561711 0.0816802
0.6477400 0.0828867
0.6392585 0.0840640
0.6307289 0.0852108
0.6221541 0.0863260
0.6135366 0.0874085
0.6048792 0.0884572
0.5961844 0.0894710
0.5874551 0.0904489
0.5786939 0.0913899
0.5699037 0.0922929
0.5610871 0.0931570
0.5522530 0.0939813
0.5434529 0.0947698
0.5346365 0.0955253
0.5258066 0.0962468
0.5169660 0.0969337
0.5081174 0.0975850
0.4992639 0.0982000
0.4904080 0.0987779
0.4815527 0.0993181
0.4727007 0.0998197
0.4638550 0.1002821
0.4550183 0.1007046
0.4461935 0.1010866
0.4373834 0.1014275
0.4285909 0.1017266
0.4198188 0.1019834
0.4110700 0.1021975
0.4023473 0.1023681
0.3936536 0.1024950
0.3849916 0.1025777
0.3763642 0.1026157
0.3677742 0.1026087
0.3592245 0.1025563
0.3507177 0.1024583
0.3422568 0.1023145
0.3338445 0.1021245
0.3254836 0.1018881
0.3171768 0.1016054
0.3089268 0.1012761
0.3007364 0.1009002
0.2926083 0.1004777
0.2845451 0.1000086
0.2765495 0.0994929
0.2686242 0.0989309
0.2607717 0.0983226
0.2529946 0.0976682
0.2452955 0.0969680
0.2376770 0.0962223
0.2301415 0.0954315
0.2226915 0.0945958
0.2153295 0.0937157
0.2080578 0.0927918
0.2008789 0.0918244
0.1937950 0.0908142
0.1868086 0.0897617
0.1799218 0.0886676
0.1731369 0.0875325
0.1664561 0.0863572
0.1598815 0.0851424
0.1534153 0.0838890
0.1470596 0.0825977
0.1408163 0.0812694
0.1346874 0.0799050
0.1286750 0.0785054
0.1227808 0.0770716
0.1170068 0.0756046
0.1113547 0.0741053
0.1058264 0.0725749
0.1004235 0.0710143
0.0951476 0.0694246
0.0900005 0.0678070
0.0849836 0.0661625
0.0800986 0.0644923
0.0753468 0.0627974
0.0707297 0.0610791
0.0662487 0.0593385
0.0619050 0.0575766
0.0577000 0.0557948
0.0536349 0.0539940
0.0497109 0.0521755
0.0459290 0.0503404
0.0422904 0.0484898
0.0387960 0.0466248
0.0354469 0.0447466
0.0322439 0.0428561
0.0291880 0.0409545
0.0262799 0.0390429
0.0235204 0.0371221
0.0209103 0.0351932
0.0184502 0.0332572
0.0161408 0.0313150
0.0139826 0.0293675
0.0119761 0.0274155
0.0101219 0.0254599
0.0084203 0.0235014
0.0068717 0.0215408
0.0054765 0.0195788
0.0042350 0.0176160
0.0031474 0.0156530
0.0022138 0.0136904
0.0014345 0.0117287
0.0008096 0.0097684
0.0003390 0.0078099
0.0000228 0.0058535
-0.0001390 0.0038995
-0.0001466 0.0019483
0.0000000 0.0000000
0.0002989 -0.0019308
0.0007482 -0.0038296
0.0013477 -0.0056962
0.0020970 -0.0075304
0.0029957 -0.0093321
0.0040436 -0.0111011
0.0052400 -0.0128372
0.0065846 -0.0145402
0.0080767 -0.0162098
0.0097157 -0.0178459
0.0115011 -0.0194482
0.0134321 -0.0210164
0.0155081 -0.0225504
0.0177282 -0.0240498
0.0200916 -0.0255144
0.0225975 -0.0269438
0.0252450 -0.0283380
0.0280332 -0.0296964
0.0309610 -0.0310190
0.0340275 -0.0323053
0.0372316 -0.0335553
0.0405723 -0.0347684
0.0440483 -0.0359446
0.0476586 -0.0370835
0.0514019 -0.0381849
0.0552770 -0.0392486
0.0592826 -0.0402743
0.0634175 -0.0412618
0.0676803 -0.0422109
0.0720696 -0.0431214
0.0765840 -0.0439931
0.0812222 -0.0448260
0.0859826 -0.0456198
0.0908638 -0.0463745
0.0958643 -0.0470899
0.1009825 -0.0477660
0.1062169 -0.0484027
0.1115658 -0.0490001
0.1170276 -0.0495581
0.1226008 -0.0500768
0.1282836 -0.0505562
0.1340743 -0.0509965
0.1399713 -0.0513977
0.1459728 -0.0517601
0.1520769 -0.0520837
0.1582820 -0.0523689
0.1645863 -0.0526158
0.1709879 -0.0528248
0.1774849 -0.0529962
0.1840755 -0.0531303
0.1907578 -0.0532275
0.1975300 -0.0532882
0.2043900 -0.0533129
0.2113359 -0.0533020
0.2183658 -0.0532560
0.2254776 -0.0531756
0.2326695 -0.0530612
0.2399392 -0.0529134
0.2472849 -0.0527329
0.2547045 -0.0525203
0.2621958 -0.0522764
0.2697568 -0.0520018
0.2773853 -0.0516972
0.2850793 -0.0513634
0.2928366 -0.0510012
0.3006551 -0.0506114
0.3085324 -0.0501948
0.3164666 -0.0497522
0.3244553 -0.0492845
0.3324962 -0.0487926
0.3405873 -0.0482773
0.3487262 -0.0477395
0.3569106 -0.0471801
0.3651382 -0.0466001
0.3734068 -0.0460003
0.3817139 -0.0453817
0.3900574 -0.0447452
0.3984347 -0.0440917
0.4068437 -0.0434222
0.4152818 -0.0427375
0.4237467 -0.0420387
0.4322360 -0.0413265
0.4407472 -0.0406020
0.4492781 -0.0398661
0.4578260 -0.0391196
0.4663885 -0.0383634
0.4749633 -0.0375984
0.4835478 -0.0368254
0.4921396 -0.0360454
0.5007361 -0.0352591
0.5093350 -0.0344674
0.5179335 -0.0336711
0.5265294 -0.0328708
0.5351200 -0.0320675
0.5437029 -0.0312618
0.5522754 -0.0304545
0.5607822 -0.0296494
0.5692694 -0.0288521
0.5777406 -0.0280632
0.5861931 -0.0272831
0.5946246 -0.0265126
0.6030325 -0.0257520
0.6114144 -0.0250019
0.6197678 -0.0242627
0.6280901 -0.0235348
0.6363789 -0.0228186
0.6446317 -0.0221145
0.6528459 -0.0214228
0.6610192 -0.0207436
0.6691489 -0.0200774
0.6772327 -0.0194244
0.6852679 -0.0187846
0.6932523 -0.0181584
0.7011832 -0.0175458
0.7090583 -0.0169469
0.7168750 -0.0163618
0.7246310 -0.0157906
0.7323237 -0.0152334
0.7399508 -0.0146900
0.7475099 -0.0141606
0.7549986 -0.0136451
0.7624144 -0.0131433
0.7697551 -0.0126554
0.7770182 -0.0121811
0.7842015 -0.0117203
0.7913026 -0.0112729
0.7983192 -0.0108389
0.8052490 -0.0104179
0.8120899 -0.0100100
0.8188394 -0.0096148
0.8254956 -0.0092322
0.8320560 -0.0088620
0.8385187 -0.0085040
0.8448814 -0.0081579
0.8511420 -0.0078237
0.8572985 -0.0075009
0.8633487 -0.0071895
0.8692908 -0.0068892
0.8751225 -0.0065996
0.8808421 -0.0063207
0.8864475 -0.0060522
0.8919369 -0.0057938
0.8973083 -0.0055453
0.9025600 -0.0053064
0.9076902 -0.0050770
0.9126970 -0.0048568
0.9175787 -0.0046456
0.9223338 -0.0044431
0.9269604 -0.0042492
0.9314570 -0.0040636
0.9358221 -0.0038861
0.9400541 -0.0037165
0.9441515 -0.0035547
0.9481129 -0.0034003
0.9519368 -0.0032534
0.9556220 -0.0031136
0.9591671 -0.0029808
0.9625708 -0.0028548
0.9658320 -0.0027355
0.9689495 -0.0026228
0.9719222 -0.0025164
0.9747489 -0.0024163
0.9774287 -0.0023223
0.9799606 -0.0022343
0.9823437 -0.0021522
0.9845772 -0.0020759
0.9866602 -0.0020053
0.9885919 -0.0019403
0.9903718 -0.0018808
0.9919990 -0.0018267
0.9934731 -0.0017779
0.9947934 -0.0017345
0.9959596 -0.0016963
0.9969711 -0.0016634
0.9978276 -0.0016355
0.9985289 -0.0016128
0.9990745 -0.0015951
0.9994644 -0.0015825
0.9996984 -0.0015750
0.9997765 -0.0015725
