AIRFOIL_LNY
1.0001254 0.0015420
1.0000503 0.0015613
0.9998250 0.0016191
0.9994496 0.0017153
0.9989242 0.0018500
0.9982489 0.0020229
0.9974240 0.0022340
0.9964496 0.0024830
0.9953260 0.0027697
0.9940536 0.0030938
0.9926326 0.0034552
0.9910636 0.0038535
0.9893469 0.0042882
0.9874830 0.0047592
0.9854724 0.0052659
0.9833158 0.0058079
0.9810137 0.0063848
0.9785667 0.0069961
0.9759756 0.0076412
0.9732411 0.0083197
0.9703640 0.0090309
0.9673450 0.0097743
0.9641851 0.0105493
0.9608851 0.0113552
0.9574460 0.0121913
0.9538687 0.0130571
0.9501543 0.0139517
0.9463038 0.0148745
0.9423184 0.0158248
0.9381991 0.0168017
0.9339471 0.0178046
0.9295638 0.0188327
0.9250502 0.0198851
0.9204078 0.0209611
0.9156379 0.0220598
0.9107418 0.0231804
0.9057209 0.0243221
0.9005768 0.0254840
0.8953109 0.0266653
0.8899247 0.0278651
0.8844198 0.0290825
0.8787978 0.0303166
0.8730603 0.0315666
0.8672091 0.0328315
0.8612457 0.0341106
0.8551721 0.0354027
0.8489899 0.0367072
0.8427010 0.0380230
0.8363072 0.0393492
0.8298103 0.0406850
0.8232124 0.0420294
0.8165154 0.0433814
0.8097212 0.0447403
0.8028319 0.0461050
0.7958494 0.0474747
0.7887759 0.0488484
0.7816135 0.0502252
0.7743643 0.0516041
0.7670304 0.0529843
0.7596141 0.0543649
0.7521175 0.0557448
0.7445429 0.0571232
0.7368926 0.0584992
0.7291689 0.0598718
0.7213740 0.0612401
0.7135103 0.0626032
0.7055802 0.0639602
0.6975861 0.0653101
0.6895303 0.0666521
0.6814153 0.0679851
0.6732436 0.0693083
0.6650176 0.0706208
0.6567398 0.0719216
0.6484127 0.0732098
0.6400389 0.0744845
0.6316209 0.0757448
0.6231612 0.0769898
0.6146624 0.0782185
0.6061271 0.0794300
0.5975580 0.0806235
0.5889575 0.0817980
0.5803284 0.0829526
0.5716734 0.0840864
0.5629949 0.0851985
0.5542958 0.0862881
0.5455787 0.0873542
0.5368462 0.0883960
0.5281011 0.0894126
0.5193461 0.0904032
0.5105837 0.0913668
0.5018169 0.0923026
0.4930482 0.0932098
0.4842804 0.0940876
0.4755161 0.0949352
0.4667582 0.0957517
0.4580094 0.0965364
0.4492723 0.0972885
0.4405496 0.0980072
0.4318442 0.0986918
0.4231586 0.0993416
0.4144957 0.0999559
0.4058581 0.1005340
0.3972486 0.1010753
0.3886697 0.1015791
0.3801243 0.1020448
0.3716150 0.1024718
0.3631444 0.1028596
0.3547153 0.1032076
0.3463302 0.1035153
0.3379919 0.1037823
0.3297029 0.1040082
0.3214659 0.1041924
0.3132833 0.1043347
0.3051580 0.1044347
0.2970923 0.1044921
0.2890888 0.1045066
0.2811502 0.1044780
0.2732787 0.1044061
0.2654771 0.1042907
0.2577476 0.1041317
0.2500928 0.1039291
0.2425151 0.1036827
0.2347998 0.1033877
0.2268610 0.1030009
0.2190179 0.1025141
0.2112737 0.1019295
0.2036316 0.1012494
0.1960949 0.1004761
0.1886666 0.0996122
0.1813498 0.0986601
0.1741473 0.0976226
0.1670622 0.0965024
0.1600971 0.0953022
0.1532548 0.0940249
0.1465379 0.0926733
0.1399490 0.0912504
0.1334904 0.0897592
0.1271647 0.0882027
0.1209740 0.0865840
0.1149205 0.0849061
0.1090063 0.0831722
0.1032335 0.0813854
0.0976040 0.0795487
0.0921195 0.0776654
0.0867818 0.0757386
0.0815925 0.0737713
0.0765532 0.0717666
0.0716653 0.0697278
0.0669303 0.0676577
0.0623493 0.0655594
0.0579235 0.0634360
0.0536541 0.0612903
0.0495420 0.0591252
0.0455883 0.0569437
0.0417937 0.0547484
0.0381589 0.0525420
0.0346848 0.0503274
0.0313719 0.0481069
0.0282207 0.0458832
0.0252316 0.0436586
0.0224051 0.0414355
0.0197415 0.0392161
0.0172409 0.0370027
0.0149036 0.0347971
0.0127297 0.0326016
0.0107191 0.0304178
0.0088719 0.0282475
0.0071879 0.0260924
0.0056670 0.0239541
0.0043090 0.0218339
0.0031136 0.0197331
0.0020804 0.0176531
0.0012091 0.0155947
0.0004992 0.0135591
-0.0000498 0.0115470
-0.0004384 0.0095591
-0.0006674 0.0075961
-0.0007373 0.0056584
-0.0006488 0.0037464
-0.0004028 0.0018602
0.0000000 0.0000000
0.0005551 -0.0018206
0.0012580 -0.0035879
0.0021077 -0.0053022
0.0031033 -0.0069636
0.0042437 -0.0085725
0.0055279 -0.0101292
0.0069546 -0.0116340
0.0085228 -0.0130873
0.0102312 -0.0144896
0.0120787 -0.0158415
0.0140638 -0.0171435
0.0161854 -0.0183961
0.0184420 -0.0196002
0.0208324 -0.0207563
0.0233551 -0.0218652
0.0260086 -0.0229277
0.0287916 -0.0239446
0.0317026 -0.0249168
0.0347399 -0.0258453
0.0379023 -0.0267309
0.0411880 -0.0275746
0.0445955 -0.0283775
0.0481233 -0.0291407
0.0517697 -0.0298652
0.0555333 -0.0305523
0.0594123 -0.0312030
0.0634052 -0.0318185
0.0675104 -0.0324002
0.0717262 -0.0329493
0.0760511 -0.0334670
0.0804834 -0.0339549
0.0850216 -0.0344141
0.0896641 -0.0348461
0.0944092 -0.0352524
0.0992554 -0.0356343
0.1042012 -0.0359935
0.1092450 -0.0363313
0.1143853 -0.0366493
0.1196205 -0.0369491
0.1249492 -0.0372323
0.1303699 -0.0375005
0.1358812 -0.0377553
0.1414816 -0.0379983
0.1471698 -0.0382313
0.1529443 -0.0384560
0.1588037 -0.0386740
0.1647468 -0.0388872
0.1707723 -0.0390972
0.1768788 -0.0393058
0.1830650 -0.0395149
0.1893298 -0.0397262
0.1956719 -0.0399416
0.2020901 -0.0401629
0.2085831 -0.0403919
0.2151499 -0.0406305
0.2217892 -0.0408806
0.2285000 -0.0411440
0.2352810 -0.0414227
0.2424468 -0.0417096
0.2499072 -0.0419691
0.2574428 -0.0421972
0.2650514 -0.0423944
0.2727308 -0.0425612
0.2804787 -0.0426978
0.2882929 -0.0428049
0.2961711 -0.0428830
0.3041109 -0.0429325
0.3121101 -0.0429540
0.3201662 -0.0429481
0.3282770 -0.0429154
0.3364399 -0.0428564
0.3446528 -0.0427719
0.3529130 -0.0426624
0.3612182 -0.0425286
0.3695660 -0.0423712
0.3779538 -0.0421909
0.3863792 -0.0419883
0.3948397 -0.0417641
0.4033329 -0.0415190
0.4118561 -0.0412539
0.4204069 -0.0409692
0.4289827 -0.0406659
0.4375810 -0.0403446
0.4461993 -0.0400059
0.4548349 -0.0396508
0.4634853 -0.0392797
0.4721479 -0.0388936
0.4808201 -0.0384930
0.4894994 -0.0380786
0.4981831 -0.0376513
0.5068687 -0.0372116
0.5155534 -0.0367602
0.5242348 -0.0362978
0.5329102 -0.0358251
0.5415770 -0.0353427
0.5502326 -0.0348512
0.5588744 -0.0343513
0.5674997 -0.0338436
0.5761060 -0.0333286
0.5846907 -0.0328070
0.5932510 -0.0322792
0.6017846 -0.0317460
0.6102887 -0.0312078
0.6187607 -0.0306651
0.6271982 -0.0301184
0.6355984 -0.0295683
0.6439590 -0.0290152
0.6522772 -0.0284596
0.6605505 -0.0279019
0.6687765 -0.0273426
0.6769526 -0.0267821
0.6850763 -0.0262208
0.6931451 -0.0256591
0.7011564 -0.0250974
0.7091080 -0.0245360
0.7169972 -0.0239754
0.7248216 -0.0234158
0.7325789 -0.0228576
0.7402667 -0.0223012
0.7478825 -0.0217468
0.7554240 -0.0211947
0.7628889 -0.0206453
0.7702748 -0.0200989
0.7775794 -0.0195556
0.7848005 -0.0190159
0.7919358 -0.0184799
0.7989832 -0.0179480
0.8059403 -0.0174204
0.8128050 -0.0168973
0.8195752 -0.0163790
0.8262487 -0.0158658
0.8328234 -0.0153579
0.8392974 -0.0148555
0.8456685 -0.0143588
0.8519347 -0.0138682
0.8580941 -0.0133838
0.8641446 -0.0129059
0.8700845 -0.0124346
0.8759118 -0.0119703
0.8816247 -0.0115132
0.8872213 -0.0110635
0.8926999 -0.0106214
0.8980587 -0.0101871
0.9032961 -0.0097609
0.9084103 -0.0093430
0.9133997 -0.0089337
0.9182627 -0.0085331
0.9229979 -0.0081415
0.9276035 -0.0077591
0.9320783 -0.0073861
0.9364206 -0.0070228
0.9406292 -0.0066693
0.9447027 -0.0063260
0.9486397 -0.0059929
0.9524391 -0.0056704
0.9560995 -0.0053585
0.9596197 -0.0050576
0.9629987 -0.0047679
0.9662354 -0.0044895
0.9693286 -0.0042226
0.9722774 -0.0039674
0.9750809 -0.0037241
0.9777380 -0.0034928
0.9802480 -0.0032739
0.9826100 -0.0030673
0.9848233 -0.0028733
0.9868871 -0.0026920
0.9888007 -0.0025235
0.9905636 -0.0023680
0.9921751 -0.0022256
0.9936348 -0.0020964
0.9949421 -0.0019806
0.9960966 -0.0018781
0.9970979 -0.0017892
0.9979458 -0.0017138
0.9986398 -0.0016520
0.9991799 -0.0016039
0.9995658 -0.0015695
0.9997974 -0.0015489
0.9998746 -0.0015420
