AIRFOIL_LNY
1.0001381 0.0008303
1.0000630 0.0008500
0.9998381 0.0009091
0.9994631 0.0010075
0.9989384 0.0011451
0.9982640 0.0013218
0.9974400 0.0015374
0.9964668 0.0017915
0.9953445 0.0020841
0.9940735 0.0024146
0.9926542 0.0027828
0.9910868 0.0031882
0.9893718 0.0036305
0.9875097 0.0041090
0.9855010 0.0046233
0.9833461 0.0051728
0.9810458 0.0057570
0.9786006 0.0063751
0.9760111 0.0070265
0.9732781 0.0077105
0.9704024 0.0084263
0.9673846 0.0091731
0.9642256 0.0099502
0.9609263 0.0107567
0.9574876 0.0115917
0.9539104 0.0124543
0.9501957 0.0133435
0.9463445 0.0142585
0.9423579 0.0151983
0.9382369 0.0161617
0.9339828 0.0171479
0.9295966 0.0181557
0.9250797 0.0191841
0.9204332 0.0202319
0.9156585 0.0212981
0.9107569 0.0223816
0.9057298 0.0234811
0.9005785 0.0245956
0.8953046 0.0257238
0.8899094 0.0268646
0.8843947 0.0280169
0.8787618 0.0291793
0.8730124 0.0303506
0.8671482 0.0315298
0.8611708 0.0327155
0.8550819 0.0339065
0.8488833 0.0351015
0.8425768 0.0362995
0.8361641 0.0374990
0.8296471 0.0386990
0.8230277 0.0398981
0.8163079 0.0410952
0.8094896 0.0422890
0.8025747 0.0434783
0.7955653 0.0446619
0.7884634 0.0458386
0.7812711 0.0470071
0.7739906 0.0481664
0.7666240 0.0493152
0.7591734 0.0504523
0.7516410 0.0515767
0.7440291 0.0526871
0.7363400 0.0537825
0.7285759 0.0548617
0.7207392 0.0559236
0.7128322 0.0569671
0.7048572 0.0579912
0.6968167 0.0589949
0.6887130 0.0599771
0.6805487 0.0609367
0.6723262 0.0618729
0.6640480 0.0627846
0.6557166 0.0636708
0.6473345 0.0645308
0.6389042 0.0653635
0.6304285 0.0661681
0.6219098 0.0669437
0.6133508 0.0676895
0.6047541 0.0684047
0.5961224 0.0690886
0.5874583 0.0697403
0.5787646 0.0703592
0.5700438 0.0709445
0.5612988 0.0714956
0.5525322 0.0720119
0.5437469 0.0724928
0.5349454 0.0729376
0.5261385 0.0733463
0.5173356 0.0737224
0.5085255 0.0740668
0.4997110 0.0743789
0.4908947 0.0746583
0.4820795 0.0749048
0.4732682 0.0751179
0.4644635 0.0752973
0.4556682 0.0754427
0.4468851 0.0755538
0.4381170 0.0756305
0.4293667 0.0756725
0.4206369 0.0756796
0.4119304 0.0756517
0.4032501 0.0755887
0.3945987 0.0754904
0.3859789 0.0753569
0.3773934 0.0751881
0.3688452 0.0749841
0.3603368 0.0747449
0.3518711 0.0744705
0.3434507 0.0741612
0.3350784 0.0738170
0.3267568 0.0734381
0.3184887 0.0730248
0.3102766 0.0725772
0.3021232 0.0720958
0.2940313 0.0715808
0.2860032 0.0710325
0.2780418 0.0704514
0.2701495 0.0698379
0.2623288 0.0691924
0.2545823 0.0685154
0.2469125 0.0678075
0.2393218 0.0670692
0.2318128 0.0663010
0.2243877 0.0655036
0.2170490 0.0646777
0.2097991 0.0638239
0.2026403 0.0629429
0.1955748 0.0620355
0.1886049 0.0611023
0.1817328 0.0601443
0.1749608 0.0591622
0.1682909 0.0581568
0.1617254 0.0571290
0.1552662 0.0560796
0.1489154 0.0550097
0.1426751 0.0539200
0.1365471 0.0528116
0.1305334 0.0516854
0.1246359 0.0505423
0.1188564 0.0493833
0.1131967 0.0482095
0.1076585 0.0470217
0.1022436 0.0458212
0.0969536 0.0446087
0.0917902 0.0433854
0.0867549 0.0421524
0.0818492 0.0409105
0.0770746 0.0396609
0.0724326 0.0384046
0.0679246 0.0371426
0.0635518 0.0358759
0.0593157 0.0346055
0.0552174 0.0333324
0.0512581 0.0320576
0.0474390 0.0307821
0.0437612 0.0295068
0.0402257 0.0282326
0.0368337 0.0269606
0.0335859 0.0256916
0.0304834 0.0244264
0.0275271 0.0231660
0.0247176 0.0219112
0.0220559 0.0206627
0.0195426 0.0194213
0.0171784 0.0181879
0.0149640 0.0169630
0.0128999 0.0157475
0.0109866 0.0145419
0.0092247 0.0133468
0.0076146 0.0121629
0.0061566 0.0109906
0.0048512 0.0098305
0.0036986 0.0086830
0.0026991 0.0075486
0.0018528 0.0064277
0.0011600 0.0053205
0.0006208 0.0042273
0.0002352 0.0031485
0.0000032 0.0020843
-0.0000752 0.0010347
0.0000000 0.0000000
0.0002275 -0.0010122
0.0006060 -0.0019942
0.0011353 -0.0029460
0.0018152 -0.0038675
0.0026453 -0.0047587
0.0036253 -0.0056196
0.0047548 -0.0064502
0.0060333 -0.0072504
0.0074605 -0.0080203
0.0090356 -0.0087599
0.0107582 -0.0094693
0.0126277 -0.0101484
0.0146433 -0.0107973
0.0168044 -0.0114162
0.0191102 -0.0120049
0.0215599 -0.0125637
0.0241526 -0.0130926
0.0268876 -0.0135918
0.0297638 -0.0140613
0.0327803 -0.0145012
0.0359361 -0.0149118
0.0392302 -0.0152932
0.0426615 -0.0156456
0.0462288 -0.0159690
0.0499310 -0.0162639
0.0537670 -0.0165302
0.0577354 -0.0167684
0.0618351 -0.0169786
0.0660646 -0.0171612
0.0704228 -0.0173163
0.0749081 -0.0174442
0.0795193 -0.0175454
0.0842548 -0.0176201
0.0891132 -0.0176687
0.0940931 -0.0176916
0.0991928 -0.0176890
0.1044109 -0.0176615
0.1097456 -0.0176095
0.1151955 -0.0175333
0.1207589 -0.0174335
0.1264340 -0.0173105
0.1322193 -0.0171648
0.1381129 -0.0169970
0.1441131 -0.0168075
0.1502181 -0.0165970
0.1564262 -0.0163659
0.1627354 -0.0161148
0.1691440 -0.0158444
0.1756500 -0.0155552
0.1822516 -0.0152480
0.1889468 -0.0149232
0.1957337 -0.0145817
0.2026102 -0.0142240
0.2095745 -0.0138508
0.2166244 -0.0134629
0.2237581 -0.0130610
0.2309732 -0.0126456
0.2382680 -0.0122177
0.2456401 -0.0117780
0.2530875 -0.0113270
0.2606081 -0.0108658
0.2681997 -0.0103949
0.2758600 -0.0099151
0.2835871 -0.0094273
0.2913785 -0.0089321
0.2992321 -0.0084304
0.3071456 -0.0079230
0.3151168 -0.0074105
0.3231434 -0.0068938
0.3312230 -0.0063737
0.3393534 -0.0058508
0.3475323 -0.0053260
0.3557572 -0.0048000
0.3640258 -0.0042736
0.3723358 -0.0037474
0.3806847 -0.0032222
0.3890701 -0.0026988
0.3974896 -0.0021778
0.4059409 -0.0016598
0.4144214 -0.0011457
0.4229287 -0.0006360
0.4314602 -0.0001313
0.4400137 0.0003676
0.4485865 0.0008603
0.4571761 0.0013461
0.4657801 0.0018245
0.4743959 0.0022948
0.4830210 0.0027567
0.4916529 0.0032096
0.5002890 0.0036530
0.5089269 0.0040864
0.5175639 0.0045096
0.5261975 0.0049220
0.5348110 0.0053221
0.5434089 0.0057056
0.5519962 0.0060719
0.5605706 0.0064207
0.5691293 0.0067518
0.5776699 0.0070649
0.5861898 0.0073599
0.5946866 0.0076366
0.6031575 0.0078950
0.6116002 0.0081350
0.6200121 0.0083565
0.6283905 0.0085596
0.6367331 0.0087443
0.6450373 0.0089105
0.6533004 0.0090585
0.6615202 0.0091884
0.6696939 0.0093002
0.6778192 0.0093943
0.6858936 0.0094707
0.6939145 0.0095298
0.7018795 0.0095717
0.7097861 0.0095969
0.7176320 0.0096056
0.7254146 0.0095981
0.7331315 0.0095749
0.7407805 0.0095363
0.7483590 0.0094827
0.7558647 0.0094146
0.7632953 0.0093324
0.7706484 0.0092366
0.7779218 0.0091277
0.7851130 0.0090062
0.7922200 0.0088725
0.7992403 0.0087274
0.8061719 0.0085712
0.8130125 0.0084045
0.8197599 0.0082280
0.8264119 0.0080422
0.8329665 0.0078476
0.8394216 0.0076449
0.8457751 0.0074347
0.8520249 0.0072176
0.8581690 0.0069942
0.8642055 0.0067650
0.8701324 0.0065308
0.8759478 0.0062921
0.8816498 0.0060495
0.8872365 0.0058037
0.8927062 0.0055552
0.8980570 0.0053047
0.9032872 0.0050527
0.9083951 0.0047999
0.9133790 0.0045468
0.9182373 0.0042939
0.9229684 0.0040420
0.9275707 0.0037915
0.9320426 0.0035430
0.9363828 0.0032970
0.9405897 0.0030541
0.9446620 0.0028147
0.9485983 0.0025794
0.9523974 0.0023487
0.9560578 0.0021230
0.9595785 0.0019029
0.9629582 0.0016887
0.9661958 0.0014809
0.9692903 0.0012798
0.9722404 0.0010860
0.9750454 0.0008998
0.9777042 0.0007215
0.9802159 0.0005515
0.9825797 0.0003901
0.9847948 0.0002377
0.9868604 0.0000945
0.9887758 -0.0000392
0.9905404 -0.0001632
0.9921536 -0.0002772
0.9936148 -0.0003809
0.9949235 -0.0004743
0.9960794 -0.0005571
0.9970819 -0.0006292
0.9979307 -0.0006904
0.9986257 -0.0007406
0.9991664 -0.0007798
0.9995528 -0.0008078
0.9997846 -0.0008247
0.9998619 -0.0008303
