AIRFOIL_LNY
1.0000076 0.0006573
0.9999315 0.0006638
0.9997033 0.0006832
0.9993230 0.0007154
0.9987907 0.0007606
0.9981066 0.0008185
0.9972709 0.0008892
0.9962838 0.0009727
0.9951457 0.0010687
0.9938569 0.0011774
0.9924178 0.0012984
0.9908288 0.0014318
0.9890903 0.0015775
0.9872031 0.0017352
0.9851675 0.0019049
0.9829842 0.0020864
0.9806539 0.0022796
0.9781774 0.0024842
0.9755552 0.0027002
0.9727883 0.0029272
0.9698774 0.0031653
0.9668235 0.0034140
0.9636274 0.0036733
0.9602902 0.0039428
0.9568129 0.0042225
0.9531964 0.0045120
0.9494420 0.0048111
0.9455507 0.0051196
0.9415237 0.0054372
0.9373623 0.0057637
0.9330677 0.0060988
0.9286412 0.0064422
0.9240841 0.0067938
0.9193979 0.0071531
0.9145839 0.0075200
0.9096437 0.0078942
0.9045787 0.0082753
0.8993904 0.0086632
0.8940804 0.0090574
0.8886504 0.0094578
0.8831020 0.0098640
0.8774368 0.0102757
0.8716566 0.0106927
0.8657632 0.0111146
0.8597583 0.0115412
0.8536438 0.0119721
0.8474215 0.0124071
0.8410933 0.0128458
0.8346612 0.0132880
0.8281270 0.0137334
0.8214928 0.0141815
0.8147606 0.0146323
0.8079324 0.0150852
0.8010103 0.0155401
0.7939965 0.0159966
0.7868930 0.0164544
0.7797020 0.0169133
0.7724257 0.0173728
0.7650663 0.0178328
0.7576260 0.0182928
0.7501072 0.0187527
0.7425120 0.0192119
0.7348429 0.0196704
0.7271021 0.0201277
0.7192920 0.0205835
0.7114149 0.0210376
0.7034734 0.0214895
0.6954697 0.0219391
0.6874063 0.0223859
0.6792857 0.0228297
0.6711104 0.0232701
0.6628828 0.0237068
0.6546055 0.0241395
0.6462809 0.0245679
0.6379116 0.0249917
0.6295002 0.0254104
0.6210492 0.0258238
0.6125612 0.0262316
0.6040388 0.0266335
0.5954845 0.0270290
0.5869010 0.0274180
0.5782909 0.0277999
0.5696568 0.0281746
0.5610014 0.0285416
0.5523273 0.0289007
0.5436371 0.0292516
0.5349335 0.0295938
0.5262191 0.0299270
0.5174967 0.0302510
0.5087688 0.0305654
0.5000381 0.0308698
0.4913073 0.0311640
0.4825790 0.0314477
0.4738560 0.0317204
0.4651408 0.0319819
0.4564362 0.0322319
0.4477448 0.0324700
0.4390692 0.0326960
0.4304111 0.0329095
0.4217713 0.0331095
0.4131553 0.0332954
0.4045656 0.0334669
0.3960050 0.0336237
0.3874760 0.0337657
0.3789812 0.0338925
0.3705232 0.0340039
0.3621046 0.0340997
0.3537281 0.0341797
0.3453961 0.0342436
0.3371112 0.0342914
0.3288759 0.0343227
0.3206929 0.0343375
0.3125645 0.0343356
0.3044933 0.0343168
0.2964817 0.0342810
0.2885322 0.0342282
0.2806472 0.0341582
0.2728292 0.0340708
0.2650805 0.0339662
0.2574035 0.0338442
0.2498006 0.0337047
0.2422741 0.0335478
0.2348263 0.0333735
0.2274594 0.0331817
0.2201758 0.0329725
0.2129776 0.0327459
0.2058672 0.0325021
0.1988465 0.0322410
0.1919179 0.0319628
0.1850833 0.0316676
0.1783450 0.0313555
0.1717049 0.0310266
0.1651652 0.0306811
0.1587277 0.0303192
0.1523945 0.0299411
0.1461675 0.0295470
0.1400486 0.0291370
0.1340397 0.0287114
0.1281426 0.0282704
0.1223591 0.0278144
0.1166909 0.0273435
0.1111399 0.0268581
0.1057077 0.0263584
0.1003960 0.0258448
0.0952063 0.0253174
0.0901402 0.0247767
0.0851994 0.0242230
0.0803853 0.0236566
0.0756994 0.0230778
0.0711430 0.0224870
0.0667176 0.0218845
0.0624246 0.0212707
0.0582652 0.0206459
0.0542406 0.0200104
0.0503522 0.0193647
0.0466011 0.0187090
0.0429884 0.0180438
0.0395152 0.0173693
0.0361827 0.0166859
0.0329917 0.0159939
0.0299432 0.0152937
0.0270382 0.0145857
0.0242776 0.0138700
0.0216621 0.0131472
0.0191926 0.0124173
0.0168699 0.0116808
0.0146945 0.0109380
0.0126672 0.0101890
0.0107885 0.0094342
0.0090591 0.0086739
0.0074795 0.0079082
0.0060500 0.0071373
0.0047712 0.0063616
0.0036435 0.0055812
0.0026671 0.0047963
0.0018423 0.0040070
0.0011694 0.0032135
0.0006486 0.0024160
0.0002801 0.0016145
0.0000638 0.0008091
0.0000000 0.0000000
0.0000885 -0.0008068
0.0003291 -0.0016052
0.0007218 -0.0023951
0.0012665 -0.0031765
0.0019630 -0.0039492
0.0028110 -0.0047131
0.0038104 -0.0054682
0.0049607 -0.0062142
0.0062616 -0.0069511
0.0077128 -0.0076787
0.0093137 -0.0083969
0.0110639 -0.0091055
0.0129628 -0.0098043
0.0150098 -0.0104932
0.0172043 -0.0111719
0.0195457 -0.0118403
0.0220331 -0.0124983
0.0246659 -0.0131455
0.0274432 -0.0137818
0.0303642 -0.0144070
0.0334279 -0.0150208
0.0366335 -0.0156232
0.0399799 -0.0162137
0.0434661 -0.0167924
0.0470911 -0.0173589
0.0508537 -0.0179129
0.0547528 -0.0184544
0.0587873 -0.0189832
0.0629557 -0.0194989
0.0672570 -0.0200014
0.0716897 -0.0204905
0.0762526 -0.0209660
0.0809441 -0.0214278
0.0857630 -0.0218756
0.0907077 -0.0223094
0.0957767 -0.0227288
0.1009685 -0.0231338
0.1062815 -0.0235243
0.1117141 -0.0239000
0.1172646 -0.0242610
0.1229314 -0.0246070
0.1287126 -0.0249379
0.1346066 -0.0252538
0.1406116 -0.0255544
0.1467257 -0.0258398
0.1529471 -0.0261098
0.1592739 -0.0263646
0.1657042 -0.0266039
0.1722360 -0.0268279
0.1788674 -0.0270364
0.1855963 -0.0272297
0.1924207 -0.0274076
0.1993385 -0.0275702
0.2063476 -0.0277176
0.2134459 -0.0278499
0.2206313 -0.0279671
0.2279016 -0.0280694
0.2352545 -0.0281568
0.2426878 -0.0282295
0.2501994 -0.0282877
0.2577869 -0.0283315
0.2654479 -0.0283610
0.2731803 -0.0283765
0.2809816 -0.0283781
0.2888496 -0.0283661
0.2967817 -0.0283407
0.3047756 -0.0283020
0.3128289 -0.0282504
0.3209392 -0.0281860
0.3291039 -0.0281092
0.3373207 -0.0280201
0.3455869 -0.0279191
0.3539002 -0.0278065
0.3622580 -0.0276825
0.3706578 -0.0275475
0.3790969 -0.0274016
0.3875730 -0.0272453
0.3960833 -0.0270788
0.4046254 -0.0269025
0.4131965 -0.0267166
0.4217942 -0.0265215
0.4304158 -0.0263175
0.4390615 -0.0261046
0.4477268 -0.0258824
0.4564081 -0.0256512
0.4651027 -0.0254112
0.4738081 -0.0251628
0.4825215 -0.0249064
0.4912403 -0.0246421
0.4999619 -0.0243704
0.5086836 -0.0240916
0.5174028 -0.0238060
0.5261168 -0.0235138
0.5348230 -0.0232155
0.5435186 -0.0229112
0.5522012 -0.0226014
0.5608679 -0.0222863
0.5695163 -0.0219662
0.5781435 -0.0216415
0.5867472 -0.0213124
0.5953245 -0.0209791
0.6038729 -0.0206421
0.6123898 -0.0203015
0.6208727 -0.0199577
0.6293188 -0.0196109
0.6377257 -0.0192613
0.6460908 -0.0189093
0.6544115 -0.0185552
0.6626853 -0.0181990
0.6709097 -0.0178412
0.6790822 -0.0174820
0.6872003 -0.0171216
0.6952615 -0.0167602
0.7032633 -0.0163980
0.7112033 -0.0160354
0.7190792 -0.0156725
0.7268884 -0.0153096
0.7346287 -0.0149469
0.7422976 -0.0145845
0.7498928 -0.0142228
0.7574121 -0.0138618
0.7648530 -0.0135019
0.7722134 -0.0131433
0.7794909 -0.0127861
0.7866835 -0.0124305
0.7937888 -0.0120767
0.8008047 -0.0117250
0.8077291 -0.0113756
0.8145598 -0.0110285
0.8212948 -0.0106841
0.8279320 -0.0103425
0.8344694 -0.0100039
0.8409050 -0.0096685
0.8472369 -0.0093364
0.8534630 -0.0090080
0.8595815 -0.0086833
0.8655905 -0.0083625
0.8714882 -0.0080458
0.8772728 -0.0077335
0.8829425 -0.0074257
0.8884956 -0.0071225
0.8939303 -0.0068242
0.8992451 -0.0065309
0.9044383 -0.0062429
0.9095084 -0.0059602
0.9144536 -0.0056831
0.9192727 -0.0054117
0.9239640 -0.0051463
0.9285261 -0.0048870
0.9329577 -0.0046339
0.9372574 -0.0043872
0.9414239 -0.0041472
0.9454558 -0.0039139
0.9493521 -0.0036875
0.9531114 -0.0034682
0.9567326 -0.0032561
0.9602146 -0.0030514
0.9635564 -0.0028543
0.9667570 -0.0026648
0.9698152 -0.0024831
0.9727303 -0.0023094
0.9755013 -0.0021437
0.9781274 -0.0019863
0.9806077 -0.0018371
0.9829416 -0.0016964
0.9851282 -0.0015643
0.9871670 -0.0014408
0.9890573 -0.0013260
0.9907984 -0.0012201
0.9923900 -0.0011231
0.9938315 -0.0010351
0.9951224 -0.0009561
0.9962623 -0.0008863
0.9972510 -0.0008257
0.9980881 -0.0007744
0.9987734 -0.0007323
0.9993066 -0.0006995
0.9996875 -0.0006761
0.9999161 -0.0006620
0.9999924 -0.0006573
