AIRFOIL_LNY
1.0000468 0.0014680
0.9999711 0.0014829
0.9997438 0.0015275
0.9993651 0.0016018
0.9988350 0.0017058
0.9981538 0.0018392
0.9973216 0.0020021
0.9963387 0.0021942
0.9952053 0.0024154
0.9939218 0.0026654
0.9924885 0.0029440
0.9909059 0.0032510
0.9891744 0.0035860
0.9872945 0.0039488
0.9852668 0.0043390
0.9830919 0.0047562
0.9807704 0.0052000
0.9783029 0.0056701
0.9756903 0.0061660
0.9729331 0.0066872
0.9700324 0.0072333
0.9669888 0.0078038
0.9638033 0.0083981
0.9604768 0.0090158
0.9570104 0.0096562
0.9534049 0.0103189
0.9496615 0.0110031
0.9457813 0.0117084
0.9417653 0.0124342
0.9376148 0.0131797
0.9333311 0.0139443
0.9289152 0.0147275
0.9243687 0.0155286
0.9196927 0.0163468
0.9148887 0.0171815
0.9099581 0.0180320
0.9049023 0.0188976
0.8997229 0.0197776
0.8944214 0.0206714
0.8889993 0.0215781
0.8834582 0.0224972
0.8777999 0.0234277
0.8720259 0.0243691
0.8661380 0.0253206
0.8601379 0.0262814
0.8540275 0.0272509
0.8478085 0.0282282
0.8414828 0.0292126
0.8350523 0.0302035
0.8285189 0.0312000
0.8218845 0.0322014
0.8151512 0.0332070
0.8083210 0.0342160
0.8013959 0.0352276
0.7943780 0.0362412
0.7872693 0.0372560
0.7800721 0.0382711
0.7727885 0.0392860
0.7654207 0.0402998
0.7579708 0.0413117
0.7504413 0.0423211
0.7428342 0.0433272
0.7351520 0.0443293
0.7273969 0.0453265
0.7195713 0.0463181
0.7116776 0.0473035
0.7037181 0.0482818
0.6956953 0.0492523
0.6876115 0.0502143
0.6794694 0.0511669
0.6712712 0.0521095
0.6630196 0.0530413
0.6547170 0.0539616
0.6463660 0.0548695
0.6379690 0.0557645
0.6295288 0.0566456
0.6210478 0.0575121
0.6125287 0.0583634
0.6039740 0.0591986
0.5953964 0.0600174
0.5867993 0.0608215
0.5781752 0.0616106
0.5695268 0.0623841
0.5608566 0.0631411
0.5521674 0.0638809
0.5434618 0.0646030
0.5347425 0.0653064
0.5260122 0.0659906
0.5172735 0.0666547
0.5085290 0.0672981
0.4997816 0.0679201
0.4910339 0.0685200
0.4822884 0.0690970
0.4735481 0.0696505
0.4648154 0.0701797
0.4560932 0.0706840
0.4473841 0.0711628
0.4386907 0.0716152
0.4300158 0.0720408
0.4213620 0.0724388
0.4127319 0.0728086
0.4041283 0.0731495
0.3955538 0.0734611
0.3870110 0.0737426
0.3785026 0.0739935
0.3700311 0.0742134
0.3615993 0.0744015
0.3532096 0.0745574
0.3448647 0.0746807
0.3365672 0.0747708
0.3283195 0.0748273
0.3201244 0.0748497
0.3119842 0.0748378
0.3039015 0.0747911
0.2958789 0.0747092
0.2879187 0.0745919
0.2800234 0.0744389
0.2721955 0.0742499
0.2644374 0.0740247
0.2567514 0.0737632
0.2491401 0.0734651
0.2416056 0.0731304
0.2341503 0.0727589
0.2267766 0.0723506
0.2194867 0.0719055
0.2122828 0.0714236
0.2051672 0.0709049
0.1981420 0.0703496
0.1912095 0.0697577
0.1843717 0.0691295
0.1776308 0.0684650
0.1709889 0.0677645
0.1644479 0.0670283
0.1580099 0.0662566
0.1516769 0.0654498
0.1454508 0.0646083
0.1393335 0.0637323
0.1333269 0.0628224
0.1274329 0.0618789
0.1216532 0.0609023
0.1159896 0.0598932
0.1104439 0.0588520
0.1050177 0.0577793
0.0997127 0.0566757
0.0945305 0.0555417
0.0894727 0.0543779
0.0845409 0.0531850
0.0797365 0.0519636
0.0750609 0.0507144
0.0705157 0.0494380
0.0661022 0.0481352
0.0618217 0.0468065
0.0576755 0.0454528
0.0536649 0.0440746
0.0497910 0.0426727
0.0460551 0.0412478
0.0424583 0.0398006
0.0390016 0.0383318
0.0356861 0.0368421
0.0325128 0.0353321
0.0294827 0.0338026
0.0265965 0.0322543
0.0238553 0.0306877
0.0212598 0.0291035
0.0188107 0.0275023
0.0165089 0.0258848
0.0143549 0.0242516
0.0123495 0.0226031
0.0104932 0.0209399
0.0087865 0.0192626
0.0072300 0.0175717
0.0058241 0.0158676
0.0045692 0.0141507
0.0034657 0.0124216
0.0025139 0.0106804
0.0017140 0.0089277
0.0010663 0.0071637
0.0005709 0.0053886
0.0002280 0.0036029
0.0000377 0.0018066
0.0000000 0.0000000
0.0001146 -0.0018034
0.0003811 -0.0035899
0.0007996 -0.0053595
0.0013697 -0.0071118
0.0020913 -0.0088468
0.0029642 -0.0105640
0.0039881 -0.0122633
0.0051627 -0.0139443
0.0064875 -0.0156067
0.0079622 -0.0172502
0.0095863 -0.0188744
0.0113592 -0.0204788
0.0132804 -0.0220631
0.0153493 -0.0236268
0.0175653 -0.0251695
0.0199276 -0.0266907
0.0224355 -0.0281899
0.0250882 -0.0296666
0.0278849 -0.0311204
0.0308247 -0.0325506
0.0339067 -0.0339568
0.0371300 -0.0353384
0.0404935 -0.0366949
0.0439962 -0.0380258
0.0476371 -0.0393304
0.0514149 -0.0406083
0.0553286 -0.0418589
0.0593769 -0.0430816
0.0635586 -0.0442759
0.0678724 -0.0454413
0.0723170 -0.0465773
0.0768910 -0.0476834
0.0815930 -0.0487590
0.0864215 -0.0498036
0.0913752 -0.0508168
0.0964525 -0.0517982
0.1016518 -0.0527473
0.1069715 -0.0536637
0.1124101 -0.0545469
0.1179659 -0.0553967
0.1236372 -0.0562127
0.1294223 -0.0569945
0.1353194 -0.0577419
0.1413267 -0.0584546
0.1474424 -0.0591323
0.1536648 -0.0597749
0.1599917 -0.0603821
0.1664215 -0.0609539
0.1729521 -0.0614900
0.1795816 -0.0619905
0.1863079 -0.0624552
0.1931290 -0.0628842
0.2000430 -0.0632774
0.2070476 -0.0636349
0.2141408 -0.0639567
0.2213204 -0.0642431
0.2285844 -0.0644940
0.2359304 -0.0647098
0.2433563 -0.0648905
0.2508599 -0.0650365
0.2584389 -0.0651480
0.2660911 -0.0652253
0.2738140 -0.0652688
0.2816055 -0.0652787
0.2894631 -0.0652556
0.2973845 -0.0651997
0.3053673 -0.0651116
0.3134092 -0.0649917
0.3215077 -0.0648405
0.3296603 -0.0646585
0.3378647 -0.0644463
0.3461183 -0.0642044
0.3544187 -0.0639333
0.3627634 -0.0636338
0.3711498 -0.0633063
0.3795755 -0.0629516
0.3880379 -0.0625702
0.3965345 -0.0621629
0.4050627 -0.0617303
0.4136199 -0.0612731
0.4222036 -0.0607919
0.4308111 -0.0602875
0.4394399 -0.0597607
0.4480875 -0.0592120
0.4567510 -0.0586422
0.4654281 -0.0580520
0.4741160 -0.0574423
0.4828121 -0.0568136
0.4915137 -0.0561667
0.5002184 -0.0555024
0.5089234 -0.0548213
0.5176260 -0.0541243
0.5263238 -0.0534119
0.5350139 -0.0526850
0.5436939 -0.0519442
0.5523610 -0.0511903
0.5610127 -0.0504239
0.5696463 -0.0496458
0.5782593 -0.0488566
0.5868489 -0.0480570
0.5954126 -0.0472477
0.6039377 -0.0464297
0.6124224 -0.0456061
0.6208741 -0.0447780
0.6292902 -0.0439458
0.6376683 -0.0431102
0.6460057 -0.0422718
0.6543000 -0.0414311
0.6625486 -0.0405886
0.6707489 -0.0397450
0.6788986 -0.0389007
0.6869950 -0.0380562
0.6950359 -0.0372120
0.7030185 -0.0363687
0.7109407 -0.0355266
0.7187998 -0.0346864
0.7265936 -0.0338483
0.7343196 -0.0330130
0.7419754 -0.0321807
0.7495587 -0.0313520
0.7570672 -0.0305272
0.7644986 -0.0297069
0.7718505 -0.0288913
0.7791208 -0.0280809
0.7863071 -0.0272760
0.7934073 -0.0264772
0.8004191 -0.0256846
0.8073405 -0.0248988
0.8141692 -0.0241201
0.8209031 -0.0233489
0.8275402 -0.0225854
0.8340784 -0.0218302
0.8405156 -0.0210835
0.8468499 -0.0203456
0.8530793 -0.0196170
0.8592019 -0.0188980
0.8652157 -0.0181890
0.8711190 -0.0174902
0.8769097 -0.0168020
0.8825862 -0.0161248
0.8881467 -0.0154589
0.8935894 -0.0148046
0.8989126 -0.0141623
0.9041146 -0.0135323
0.9091939 -0.0129148
0.9141489 -0.0123104
0.9189779 -0.0117192
0.9236794 -0.0111416
0.9282521 -0.0105779
0.9326943 -0.0100284
0.9370049 -0.0094935
0.9411823 -0.0089734
0.9452253 -0.0084685
0.9491325 -0.0079789
0.9529029 -0.0075052
0.9565351 -0.0070474
0.9600280 -0.0066060
0.9633806 -0.0061811
0.9665916 -0.0057730
0.9696603 -0.0053821
0.9725854 -0.0050085
0.9753663 -0.0046525
0.9780018 -0.0043144
0.9804913 -0.0039942
0.9828339 -0.0036924
0.9850289 -0.0034090
0.9870755 -0.0031443
0.9889732 -0.0028985
0.9907213 -0.0026717
0.9923193 -0.0024640
0.9937666 -0.0022757
0.9950628 -0.0021068
0.9962075 -0.0019576
0.9972003 -0.0018280
0.9980409 -0.0017181
0.9987290 -0.0016282
0.9992645 -0.0015582
0.9996470 -0.0015081
0.9998766 -0.0014780
0.9999532 -0.0014680
