AIRFOIL_LNY
1.0004189 0.0018166
1.0003463 0.0018496
1.0001283 0.0019485
0.9997650 0.0021132
0.9992565 0.0023436
0.9986029 0.0026393
0.9978042 0.0030002
0.9968607 0.0034257
0.9957725 0.0039155
0.9945398 0.0044690
0.9931628 0.0050856
0.9916419 0.0057646
0.9899771 0.0065054
0.9881690 0.0073072
0.9862178 0.0081690
0.9841238 0.0090900
0.9818876 0.0100692
0.9795094 0.0111056
0.9769898 0.0121980
0.9743292 0.0133453
0.9715283 0.0145463
0.9685874 0.0157998
0.9655072 0.0171043
0.9622884 0.0184586
0.9589315 0.0198612
0.9554372 0.0213107
0.9518063 0.0228056
0.9480395 0.0243442
0.9441376 0.0259250
0.9401014 0.0275464
0.9359317 0.0292067
0.9316296 0.0309042
0.9271958 0.0326371
0.9226314 0.0344036
0.9179373 0.0362020
0.9131146 0.0380304
0.9081644 0.0398870
0.9030878 0.0417698
0.8978860 0.0436769
0.8925601 0.0456065
0.8871115 0.0475566
0.8815413 0.0495251
0.8758509 0.0515102
0.8700416 0.0535098
0.8641150 0.0555220
0.8580723 0.0575446
0.8519151 0.0595758
0.8456449 0.0616134
0.8392632 0.0636554
0.8327718 0.0656999
0.8261722 0.0677446
0.8194661 0.0697878
0.8126552 0.0718272
0.8057414 0.0738608
0.7987264 0.0758867
0.7916121 0.0779028
0.7844004 0.0799072
0.7770932 0.0818977
0.7696926 0.0838725
0.7622005 0.0858295
0.7546191 0.0877668
0.7469503 0.0896824
0.7391964 0.0915745
0.7313596 0.0934410
0.7234421 0.0952802
0.7154461 0.0970901
0.7073741 0.0988689
0.6992282 0.1006148
0.6910109 0.1023259
0.6827247 0.1040005
0.6743721 0.1056368
0.6659554 0.1072332
0.6574773 0.1087878
0.6489404 0.1102991
0.6403473 0.1117655
0.6317006 0.1131852
0.6230030 0.1145568
0.6142573 0.1158788
0.6054663 0.1171496
0.5966326 0.1183678
0.5877593 0.1195320
0.5788491 0.1206408
0.5699050 0.1216929
0.5609317 0.1226870
0.5520576 0.1236302
0.5431620 0.1245294
0.5342478 0.1253834
0.5253177 0.1261913
0.5163749 0.1269521
0.5074221 0.1276649
0.4984622 0.1283288
0.4894984 0.1289427
0.4805334 0.1295060
0.4715704 0.1300178
0.4626122 0.1304772
0.4536619 0.1308837
0.4447224 0.1312363
0.4357969 0.1315346
0.4268882 0.1317778
0.4179995 0.1319654
0.4091337 0.1320969
0.4002938 0.1321716
0.3914830 0.1321893
0.3827042 0.1321494
0.3739604 0.1320517
0.3652546 0.1318958
0.3565899 0.1316814
0.3479693 0.1314084
0.3393957 0.1310766
0.3308722 0.1306859
0.3224016 0.1302362
0.3139870 0.1297275
0.3056313 0.1291600
0.2973373 0.1285337
0.2891081 0.1278488
0.2809464 0.1271055
0.2728552 0.1263041
0.2648372 0.1254449
0.2568952 0.1245284
0.2490321 0.1235549
0.2412505 0.1225251
0.2335532 0.1214395
0.2259429 0.1202986
0.2184221 0.1191033
0.2109936 0.1178541
0.2036597 0.1165520
0.1964232 0.1151976
0.1892864 0.1137921
0.1822518 0.1123362
0.1753218 0.1108310
0.1684988 0.1092775
0.1617850 0.1076768
0.1551827 0.1060301
0.1486941 0.1043385
0.1423214 0.1026032
0.1360666 0.1008256
0.1299319 0.0990069
0.1239192 0.0971484
0.1180305 0.0952516
0.1122676 0.0933177
0.1066324 0.0913483
0.1011267 0.0893448
0.0957522 0.0873087
0.0905106 0.0852414
0.0854034 0.0831445
0.0804322 0.0810194
0.0755986 0.0788678
0.0709039 0.0766912
0.0663495 0.0744910
0.0619368 0.0722689
0.0576670 0.0700265
0.0535413 0.0677651
0.0495608 0.0654865
0.0457267 0.0631920
0.0420400 0.0608833
0.0385017 0.0585617
0.0351126 0.0562288
0.0318736 0.0538860
0.0287856 0.0515348
0.0258493 0.0491764
0.0230654 0.0468123
0.0204345 0.0444437
0.0179573 0.0420721
0.0156342 0.0396985
0.0134657 0.0373241
0.0114523 0.0349502
0.0095944 0.0325778
0.0078922 0.0302080
0.0063461 0.0278417
0.0049562 0.0254799
0.0037229 0.0231234
0.0026461 0.0207731
0.0017260 0.0184297
0.0009626 0.0160938
0.0003559 0.0137663
-0.0000941 0.0114475
-0.0003876 0.0091379
-0.0005248 0.0068381
-0.0005057 0.0045483
-0.0003307 0.0022689
0.0000000 0.0000000
0.0004830 -0.0022414
0.0011149 -0.0044384
0.0018952 -0.0065910
0.0028236 -0.0086989
0.0038994 -0.0107620
0.0051222 -0.0127803
0.0064912 -0.0147535
0.0080059 -0.0166814
0.0096656 -0.0185639
0.0114694 -0.0204009
0.0134166 -0.0221921
0.0155063 -0.0239374
0.0177378 -0.0256365
0.0201099 -0.0272894
0.0226219 -0.0288958
0.0252726 -0.0304555
0.0280611 -0.0319683
0.0309862 -0.0334341
0.0340469 -0.0348526
0.0372420 -0.0362238
0.0405702 -0.0375474
0.0440305 -0.0388232
0.0476215 -0.0400512
0.0513420 -0.0412312
0.0551905 -0.0423631
0.0591659 -0.0434467
0.0632667 -0.0444820
0.0674916 -0.0454689
0.0718390 -0.0464073
0.0763076 -0.0472972
0.0808959 -0.0481386
0.0856024 -0.0489315
0.0904256 -0.0496759
0.0953639 -0.0503718
0.1004158 -0.0510195
0.1055796 -0.0516189
0.1108539 -0.0521702
0.1162370 -0.0526736
0.1217273 -0.0531293
0.1273231 -0.0535375
0.1330228 -0.0538985
0.1388247 -0.0542127
0.1447271 -0.0544803
0.1507283 -0.0547017
0.1568266 -0.0548773
0.1630202 -0.0550077
0.1693075 -0.0550932
0.1756867 -0.0551343
0.1821560 -0.0551318
0.1887136 -0.0550861
0.1953578 -0.0549978
0.2020867 -0.0548677
0.2088986 -0.0546965
0.2157916 -0.0544848
0.2227638 -0.0542335
0.2298135 -0.0539433
0.2369388 -0.0536152
0.2441378 -0.0532499
0.2514087 -0.0528484
0.2587495 -0.0524116
0.2661583 -0.0519405
0.2736332 -0.0514360
0.2811723 -0.0508992
0.2887737 -0.0503311
0.2964353 -0.0497328
0.3041553 -0.0491054
0.3119315 -0.0484499
0.3197621 -0.0477674
0.3276451 -0.0470592
0.3355782 -0.0463264
0.3435597 -0.0455700
0.3515873 -0.0447914
0.3596590 -0.0439916
0.3677727 -0.0431718
0.3759263 -0.0423333
0.3841177 -0.0414772
0.3923448 -0.0406047
0.4006053 -0.0397170
0.4088972 -0.0388153
0.4172182 -0.0379008
0.4255661 -0.0369745
0.4339387 -0.0360378
0.4423338 -0.0350916
0.4507491 -0.0341372
0.4591824 -0.0331757
0.4676313 -0.0322082
0.4760937 -0.0312356
0.4845671 -0.0302592
0.4930492 -0.0292799
0.5015378 -0.0282987
0.5100304 -0.0273167
0.5185246 -0.0263348
0.5270182 -0.0253539
0.5355087 -0.0243749
0.5439937 -0.0233987
0.5524708 -0.0224261
0.5609376 -0.0214580
0.5692681 -0.0205021
0.5775853 -0.0195665
0.5858889 -0.0186517
0.5941764 -0.0177585
0.6024454 -0.0168873
0.6106938 -0.0160387
0.6189189 -0.0152130
0.6271185 -0.0144107
0.6352901 -0.0136320
0.6434313 -0.0128773
0.6515397 -0.0121469
0.6596127 -0.0114409
0.6676481 -0.0107594
0.6756432 -0.0101025
0.6835956 -0.0094704
0.6915029 -0.0088629
0.6993626 -0.0082801
0.7071721 -0.0077219
0.7149290 -0.0071882
0.7226309 -0.0066787
0.7302751 -0.0061933
0.7378593 -0.0057317
0.7453809 -0.0052937
0.7528375 -0.0048790
0.7602267 -0.0044871
0.7675458 -0.0041177
0.7747925 -0.0037704
0.7819644 -0.0034448
0.7890589 -0.0031403
0.7960737 -0.0028566
0.8030063 -0.0025930
0.8098543 -0.0023491
0.8166154 -0.0021242
0.8232872 -0.0019178
0.8298674 -0.0017293
0.8363535 -0.0015582
0.8427433 -0.0014037
0.8490345 -0.0012652
0.8552248 -0.0011422
0.8613121 -0.0010339
0.8672939 -0.0009396
0.8731683 -0.0008589
0.8789330 -0.0007908
0.8845858 -0.0007349
0.8901247 -0.0006904
0.8955477 -0.0006567
0.9008526 -0.0006331
0.9060374 -0.0006189
0.9111003 -0.0006135
0.9160392 -0.0006162
0.9208523 -0.0006264
0.9255377 -0.0006435
0.9300937 -0.0006669
0.9345183 -0.0006958
0.9388100 -0.0007298
0.9429670 -0.0007683
0.9469878 -0.0008106
0.9508706 -0.0008563
0.9546140 -0.0009047
0.9582165 -0.0009554
0.9616766 -0.0010078
0.9649930 -0.0010614
0.9681644 -0.0011158
0.9711893 -0.0011706
0.9740667 -0.0012252
0.9767954 -0.0012793
0.9793741 -0.0013324
0.9818020 -0.0013843
0.9840779 -0.0014344
0.9862011 -0.0014826
0.9881705 -0.0015285
0.9899853 -0.0015718
0.9916449 -0.0016122
0.9931485 -0.0016495
0.9944956 -0.0016835
0.9956854 -0.0017140
0.9967177 -0.0017407
0.9975918 -0.0017636
0.9983076 -0.0017826
0.9988645 -0.0017974
0.9992625 -0.0018080
0.9995014 -0.0018144
0.9995811 -0.0018166
