AIRFOIL_LNY
1.0000916 0.0015781
1.0000163 0.0015959
0.9997901 0.0016493
0.9994133 0.0017382
0.9988858 0.0018626
0.9982080 0.0020224
0.9973799 0.0022173
0.9964017 0.0024472
0.9952738 0.0027119
0.9939965 0.0030112
0.9925702 0.0033447
0.9909951 0.0037122
0.9892719 0.0041132
0.9874009 0.0045475
0.9853827 0.0050147
0.9832178 0.0055142
0.9809069 0.0060456
0.9784507 0.0066085
0.9758497 0.0072024
0.9731048 0.0078266
0.9702168 0.0084807
0.9671863 0.0091640
0.9640144 0.0098759
0.9607020 0.0106159
0.9572498 0.0113832
0.9536590 0.0121771
0.9499306 0.0129971
0.9460656 0.0138423
0.9420652 0.0147121
0.9379304 0.0156056
0.9336625 0.0165222
0.9292627 0.0174611
0.9247322 0.0184215
0.9200725 0.0194025
0.9152847 0.0204034
0.9103703 0.0214233
0.9053308 0.0224615
0.9001675 0.0235170
0.8948820 0.0245890
0.8894759 0.0256767
0.8839506 0.0267792
0.8783078 0.0278957
0.8725492 0.0290252
0.8666764 0.0301669
0.8606911 0.0313199
0.8545952 0.0324834
0.8483903 0.0336563
0.8420784 0.0348379
0.8356613 0.0360273
0.8291408 0.0372235
0.8225189 0.0384256
0.8157976 0.0396328
0.8089788 0.0408442
0.8020646 0.0420588
0.7950570 0.0432758
0.7879581 0.0444943
0.7807700 0.0457134
0.7734948 0.0469321
0.7661348 0.0481496
0.7586921 0.0493650
0.7511690 0.0505774
0.7435677 0.0517858
0.7358905 0.0529895
0.7281396 0.0541875
0.7203175 0.0553789
0.7124265 0.0565629
0.7044689 0.0577385
0.6964472 0.0589048
0.6883638 0.0600610
0.6802211 0.0612062
0.6720217 0.0623395
0.6637679 0.0634601
0.6554623 0.0645669
0.6471074 0.0656592
0.6387058 0.0667361
0.6302600 0.0677967
0.6217727 0.0688402
0.6132464 0.0698656
0.6046836 0.0708721
0.5960872 0.0718588
0.5874596 0.0728249
0.5788035 0.0737695
0.5701217 0.0746918
0.5614167 0.0755909
0.5526913 0.0764661
0.5439481 0.0773163
0.5351900 0.0781409
0.5264195 0.0789390
0.5176394 0.0797097
0.5088524 0.0804524
0.5000613 0.0811662
0.4912685 0.0818503
0.4824728 0.0825036
0.4736811 0.0831251
0.4648962 0.0837141
0.4561209 0.0842699
0.4473578 0.0847917
0.4386097 0.0852788
0.4298794 0.0857306
0.4211696 0.0861465
0.4124831 0.0865257
0.4038227 0.0868677
0.3951910 0.0871720
0.3865908 0.0874378
0.3780248 0.0876648
0.3694958 0.0878524
0.3610064 0.0880002
0.3525593 0.0881076
0.3441573 0.0881742
0.3358029 0.0881998
0.3274990 0.0881838
0.3192480 0.0881261
0.3110527 0.0880262
0.3029156 0.0878840
0.2948393 0.0876992
0.2868265 0.0874717
0.2788797 0.0872013
0.2710013 0.0868879
0.2631940 0.0865314
0.2554602 0.0861319
0.2478023 0.0856893
0.2402229 0.0852037
0.2327243 0.0846751
0.2253089 0.0841038
0.2179792 0.0834898
0.2107373 0.0828335
0.2035856 0.0821350
0.1965264 0.0813947
0.1895620 0.0806128
0.1826945 0.0797898
0.1759260 0.0789261
0.1692588 0.0780222
0.1626949 0.0770784
0.1562365 0.0760954
0.1498855 0.0750738
0.1436438 0.0740140
0.1375136 0.0729168
0.1314967 0.0717828
0.1255949 0.0706126
0.1198101 0.0694071
0.1141441 0.0681670
0.1085986 0.0668930
0.1031754 0.0655859
0.0978761 0.0642466
0.0927023 0.0628759
0.0876557 0.0614747
0.0827377 0.0600439
0.0779498 0.0585842
0.0732935 0.0570967
0.0687703 0.0555823
0.0643813 0.0540419
0.0601280 0.0524763
0.0560117 0.0508866
0.0520334 0.0492737
0.0481945 0.0476385
0.0444960 0.0459819
0.0409390 0.0443049
0.0375246 0.0426084
0.0342537 0.0408932
0.0311272 0.0391602
0.0281461 0.0374105
0.0253112 0.0356447
0.0226233 0.0338637
0.0200831 0.0320684
0.0176913 0.0302595
0.0154486 0.0284378
0.0133557 0.0266041
0.0114130 0.0247590
0.0096210 0.0229032
0.0079803 0.0210375
0.0064912 0.0191623
0.0051542 0.0172782
0.0039695 0.0153859
0.0029374 0.0134858
0.0020582 0.0115783
0.0013321 0.0096639
0.0007591 0.0077430
0.0003393 0.0058159
0.0000729 0.0038828
-0.0000402 0.0019441
0.0000000 0.0000000
0.0001925 -0.0019350
0.0005362 -0.0038463
0.0010311 -0.0057337
0.0016769 -0.0075971
0.0024732 -0.0094361
0.0034199 -0.0112507
0.0045164 -0.0130404
0.0057624 -0.0148051
0.0071575 -0.0165444
0.0087010 -0.0182581
0.0103925 -0.0199458
0.0122314 -0.0216071
0.0142170 -0.0232418
0.0163486 -0.0248493
0.0186255 -0.0264295
0.0210470 -0.0279818
0.0236122 -0.0295058
0.0263202 -0.0310011
0.0291702 -0.0324674
0.0321613 -0.0339042
0.0352924 -0.0353110
0.0385625 -0.0366874
0.0419705 -0.0380330
0.0455155 -0.0393473
0.0491962 -0.0406300
0.0530114 -0.0418805
0.0569600 -0.0430985
0.0610407 -0.0442836
0.0652523 -0.0454354
0.0695933 -0.0465534
0.0740624 -0.0476373
0.0786584 -0.0486867
0.0833796 -0.0497012
0.0882248 -0.0506807
0.0931923 -0.0516246
0.0982807 -0.0525328
0.1034884 -0.0534050
0.1088139 -0.0542409
0.1142554 -0.0550403
0.1198115 -0.0558031
0.1254803 -0.0565289
0.1312603 -0.0572178
0.1371496 -0.0578696
0.1431466 -0.0584842
0.1492494 -0.0590616
0.1554562 -0.0596017
0.1617652 -0.0601046
0.1681744 -0.0605703
0.1746822 -0.0609989
0.1812864 -0.0613905
0.1879852 -0.0617452
0.1947765 -0.0620633
0.2016585 -0.0623449
0.2086291 -0.0625904
0.2156863 -0.0627998
0.2228279 -0.0629737
0.2300520 -0.0631123
0.2373564 -0.0632160
0.2447390 -0.0632852
0.2521977 -0.0633203
0.2597302 -0.0633219
0.2673345 -0.0632904
0.2750082 -0.0632263
0.2827492 -0.0631303
0.2905552 -0.0630027
0.2984240 -0.0628444
0.3063533 -0.0626559
0.3143407 -0.0624378
0.3223840 -0.0621908
0.3304809 -0.0619157
0.3386289 -0.0616130
0.3468257 -0.0612836
0.3550690 -0.0609282
0.3633563 -0.0605476
0.3716852 -0.0601424
0.3800533 -0.0597135
0.3884582 -0.0592617
0.3968973 -0.0587878
0.4053683 -0.0582925
0.4138687 -0.0577768
0.4223959 -0.0572413
0.4309475 -0.0566869
0.4395210 -0.0561144
0.4481138 -0.0555247
0.4567234 -0.0549185
0.4653473 -0.0542967
0.4739829 -0.0536600
0.4826277 -0.0530093
0.4912791 -0.0523453
0.4999387 -0.0516686
0.5086000 -0.0509796
0.5172601 -0.0502791
0.5259165 -0.0495679
0.5345665 -0.0488467
0.5432076 -0.0481162
0.5518372 -0.0473771
0.5604527 -0.0466302
0.5690514 -0.0458761
0.5776310 -0.0451155
0.5861886 -0.0443492
0.5947218 -0.0435776
0.6032281 -0.0428015
0.6117047 -0.0420215
0.6201492 -0.0412382
0.6285590 -0.0404521
0.6369315 -0.0396639
0.6452643 -0.0388740
0.6535547 -0.0380831
0.6618003 -0.0372917
0.6699985 -0.0365002
0.6781468 -0.0357091
0.6862428 -0.0349190
0.6942839 -0.0341303
0.7022677 -0.0333435
0.7101918 -0.0325589
0.7180536 -0.0317771
0.7258509 -0.0309983
0.7335811 -0.0302231
0.7412419 -0.0294519
0.7488310 -0.0286849
0.7563459 -0.0279225
0.7637844 -0.0271652
0.7711442 -0.0264133
0.7784229 -0.0256670
0.7856184 -0.0249268
0.7927283 -0.0241930
0.7997505 -0.0234658
0.8066827 -0.0227457
0.8135228 -0.0220328
0.8202687 -0.0213276
0.8269183 -0.0206302
0.8334693 -0.0199411
0.8399200 -0.0192604
0.8462680 -0.0185885
0.8525116 -0.0179257
0.8586487 -0.0172722
0.8646773 -0.0166283
0.8705956 -0.0159942
0.8764018 -0.0153704
0.8820938 -0.0147569
0.8876701 -0.0141542
0.8931287 -0.0135624
0.8984680 -0.0129819
0.9036862 -0.0124129
0.9087817 -0.0118556
0.9137529 -0.0113104
0.9185981 -0.0107774
0.9233159 -0.0102570
0.9279046 -0.0097494
0.9323629 -0.0092549
0.9366893 -0.0087737
0.9408824 -0.0083061
0.9449409 -0.0078523
0.9488634 -0.0074125
0.9526487 -0.0069870
0.9562956 -0.0065761
0.9598029 -0.0061800
0.9631694 -0.0057988
0.9663941 -0.0054329
0.9694759 -0.0050824
0.9724138 -0.0047475
0.9752068 -0.0044285
0.9778541 -0.0041256
0.9803548 -0.0038389
0.9827080 -0.0035686
0.9849131 -0.0033149
0.9869692 -0.0030779
0.9888757 -0.0028579
0.9906321 -0.0026549
0.9922376 -0.0024691
0.9936918 -0.0023006
0.9949942 -0.0021495
0.9961444 -0.0020160
0.9971420 -0.0019000
0.9979867 -0.0018018
0.9986782 -0.0017213
0.9992163 -0.0016587
0.9996007 -0.0016139
0.9998314 -0.0015871
0.9999084 -0.0015781
