AIRFOIL_LNY
1.0001339 0.0011266
1.0000589 0.0011452
0.9998338 0.0012010
0.9994587 0.0012940
0.9989338 0.0014240
0.9982591 0.0015909
0.9974349 0.0017946
0.9964613 0.0020349
0.9953387 0.0023115
0.9940673 0.0026243
0.9926475 0.0029728
0.9910797 0.0033568
0.9893643 0.0037759
0.9875019 0.0042297
0.9854928 0.0047179
0.9833377 0.0052399
0.9810371 0.0057952
0.9785917 0.0063834
0.9760022 0.0070040
0.9732693 0.0076562
0.9703937 0.0083396
0.9673763 0.0090536
0.9642179 0.0097974
0.9609193 0.0105704
0.9574815 0.0113719
0.9539055 0.0122012
0.9501922 0.0130576
0.9463427 0.0139403
0.9423581 0.0148485
0.9382395 0.0157814
0.9339880 0.0167382
0.9296049 0.0177181
0.9250914 0.0187202
0.9204488 0.0197437
0.9156784 0.0207877
0.9107816 0.0218512
0.9057598 0.0229335
0.9006143 0.0240335
0.8953467 0.0251504
0.8899585 0.0262833
0.8844512 0.0274311
0.8788264 0.0285930
0.8730857 0.0297680
0.8672309 0.0309551
0.8612635 0.0321534
0.8551854 0.0333619
0.8489982 0.0345796
0.8427038 0.0358056
0.8363041 0.0370389
0.8298008 0.0382784
0.8231960 0.0395234
0.8164914 0.0407726
0.8096892 0.0420252
0.8027912 0.0432803
0.7957996 0.0445367
0.7887163 0.0457936
0.7815435 0.0470500
0.7742834 0.0483048
0.7669379 0.0495572
0.7595095 0.0508062
0.7520001 0.0520509
0.7444122 0.0532902
0.7367478 0.0545232
0.7290095 0.0557490
0.7211993 0.0569667
0.7133198 0.0581752
0.7053732 0.0593738
0.6973619 0.0605615
0.6892884 0.0617373
0.6811551 0.0629004
0.6729644 0.0640499
0.6647188 0.0651849
0.6564209 0.0663045
0.6480731 0.0674078
0.6396780 0.0684940
0.6312381 0.0695623
0.6227560 0.0706117
0.6142342 0.0716416
0.6056755 0.0726510
0.5970824 0.0736391
0.5884576 0.0746052
0.5798036 0.0755485
0.5711232 0.0764682
0.5624191 0.0773635
0.5536939 0.0782337
0.5449503 0.0790781
0.5361910 0.0798960
0.5274188 0.0806867
0.5186363 0.0814494
0.5098464 0.0821836
0.5010517 0.0828885
0.4922549 0.0835637
0.4834589 0.0842083
0.4746664 0.0848220
0.4658802 0.0854040
0.4571029 0.0859539
0.4483374 0.0864711
0.4395865 0.0869551
0.4308528 0.0874055
0.4221391 0.0878217
0.4134483 0.0882034
0.4047830 0.0885502
0.3961459 0.0888617
0.3875400 0.0891375
0.3788586 0.0893699
0.3701895 0.0895444
0.3615593 0.0896608
0.3529709 0.0897190
0.3444273 0.0897194
0.3359314 0.0896620
0.3274860 0.0895472
0.3190942 0.0893752
0.3107588 0.0891465
0.3024826 0.0888614
0.2942685 0.0885205
0.2861193 0.0881244
0.2780378 0.0876736
0.2700268 0.0871688
0.2620891 0.0866107
0.2542273 0.0860000
0.2464443 0.0853377
0.2387427 0.0846246
0.2311250 0.0838615
0.2235940 0.0830496
0.2161521 0.0821897
0.2088020 0.0812831
0.2015462 0.0803307
0.1943870 0.0793338
0.1873270 0.0782935
0.1803684 0.0772112
0.1735137 0.0760880
0.1667652 0.0749254
0.1601250 0.0737246
0.1535954 0.0724871
0.1471786 0.0712142
0.1408767 0.0699075
0.1346916 0.0685683
0.1286255 0.0671982
0.1226803 0.0657987
0.1168578 0.0643714
0.1111600 0.0629177
0.1055887 0.0614393
0.1001455 0.0599377
0.0948323 0.0584145
0.0896505 0.0568713
0.0846019 0.0553097
0.0796879 0.0537312
0.0749100 0.0521375
0.0702697 0.0505302
0.0657682 0.0489107
0.0614069 0.0472807
0.0571871 0.0456418
0.0531099 0.0439953
0.0491765 0.0423429
0.0453880 0.0406861
0.0417454 0.0390262
0.0382496 0.0373647
0.0349016 0.0357030
0.0317022 0.0340425
0.0286523 0.0323846
0.0257526 0.0307304
0.0230038 0.0290812
0.0204065 0.0274383
0.0179614 0.0258029
0.0156690 0.0241759
0.0135298 0.0225585
0.0115441 0.0209518
0.0097125 0.0193566
0.0080352 0.0177738
0.0065125 0.0162044
0.0051447 0.0146490
0.0039319 0.0131085
0.0028743 0.0115835
0.0019720 0.0100745
0.0012249 0.0085823
0.0006332 0.0071071
0.0001966 0.0056494
-0.0000848 0.0042096
-0.0002112 0.0027880
-0.0001829 0.0013847
0.0000000 0.0000000
0.0003352 -0.0013559
0.0008204 -0.0026729
0.0014552 -0.0039508
0.0022393 -0.0051896
0.0031721 -0.0063894
0.0042532 -0.0075503
0.0054819 -0.0086722
0.0068576 -0.0097552
0.0083797 -0.0107995
0.0100475 -0.0118052
0.0118603 -0.0127723
0.0138172 -0.0137010
0.0159174 -0.0145916
0.0181601 -0.0154441
0.0205444 -0.0162589
0.0230693 -0.0170361
0.0257338 -0.0177759
0.0285370 -0.0184787
0.0314776 -0.0191448
0.0345548 -0.0197744
0.0377673 -0.0203679
0.0411139 -0.0209256
0.0445936 -0.0214480
0.0482050 -0.0219354
0.0519469 -0.0223882
0.0558179 -0.0228069
0.0598169 -0.0231919
0.0639425 -0.0235438
0.0681932 -0.0238631
0.0725677 -0.0241502
0.0770645 -0.0244057
0.0816822 -0.0246303
0.0864194 -0.0248246
0.0912745 -0.0249890
0.0962461 -0.0251244
0.1013325 -0.0252314
0.1065322 -0.0253107
0.1118437 -0.0253630
0.1172653 -0.0253890
0.1227955 -0.0253896
0.1284326 -0.0253655
0.1341749 -0.0253176
0.1400208 -0.0252466
0.1459686 -0.0251534
0.1520166 -0.0250390
0.1581630 -0.0249042
0.1644062 -0.0247499
0.1707444 -0.0245770
0.1771758 -0.0243866
0.1836987 -0.0241796
0.1903112 -0.0239570
0.1970116 -0.0237198
0.2037980 -0.0234690
0.2106686 -0.0232057
0.2176215 -0.0229309
0.2246550 -0.0226456
0.2317670 -0.0223510
0.2389557 -0.0220481
0.2462193 -0.0217379
0.2535557 -0.0214217
0.2609630 -0.0211004
0.2684394 -0.0207752
0.2759827 -0.0204472
0.2835911 -0.0201174
0.2912625 -0.0197871
0.2989949 -0.0194571
0.3067863 -0.0191288
0.3146346 -0.0188031
0.3225378 -0.0184810
0.3304938 -0.0181638
0.3385005 -0.0178523
0.3465557 -0.0175478
0.3546574 -0.0172511
0.3628034 -0.0169632
0.3709915 -0.0166853
0.3792195 -0.0164181
0.3875090 -0.0161624
0.3959424 -0.0159057
0.4044080 -0.0156416
0.4129035 -0.0153708
0.4214264 -0.0150940
0.4299741 -0.0148117
0.4385442 -0.0145246
0.4471341 -0.0142332
0.4557413 -0.0139382
0.4643633 -0.0136401
0.4729976 -0.0133396
0.4816416 -0.0130371
0.4902927 -0.0127332
0.4989483 -0.0124285
0.5076060 -0.0121234
0.5162632 -0.0118184
0.5249172 -0.0115140
0.5335655 -0.0112107
0.5422055 -0.0109089
0.5508346 -0.0106090
0.5594503 -0.0103114
0.5680499 -0.0100165
0.5766308 -0.0097247
0.5851906 -0.0094362
0.5937266 -0.0091515
0.6022362 -0.0088707
0.6107168 -0.0085943
0.6191659 -0.0083223
0.6275810 -0.0080552
0.6359594 -0.0077930
0.6442986 -0.0075361
0.6525961 -0.0072845
0.6608493 -0.0070384
0.6690557 -0.0067980
0.6772129 -0.0065633
0.6853182 -0.0063346
0.6933692 -0.0061117
0.7013635 -0.0058950
0.7092985 -0.0056842
0.7171718 -0.0054796
0.7249810 -0.0052812
0.7327237 -0.0050888
0.7403975 -0.0049026
0.7479999 -0.0047224
0.7555286 -0.0045483
0.7629813 -0.0043802
0.7703557 -0.0042181
0.7776494 -0.0040618
0.7848601 -0.0039113
0.7919857 -0.0037665
0.7990238 -0.0036274
0.8059723 -0.0034937
0.8128290 -0.0033654
0.8195917 -0.0032424
0.8262582 -0.0031245
0.8328265 -0.0030117
0.8392945 -0.0029037
0.8456602 -0.0028005
0.8519214 -0.0027020
0.8580763 -0.0026079
0.8641228 -0.0025181
0.8700591 -0.0024325
0.8758832 -0.0023510
0.8815933 -0.0022735
0.8871875 -0.0021997
0.8926641 -0.0021295
0.8980212 -0.0020629
0.9032572 -0.0019996
0.9083704 -0.0019395
0.9133591 -0.0018826
0.9182217 -0.0018286
0.9229567 -0.0017776
0.9275624 -0.0017292
0.9320374 -0.0016835
0.9363802 -0.0016402
0.9405895 -0.0015994
0.9446638 -0.0015609
0.9486019 -0.0015246
0.9524023 -0.0014904
0.9560640 -0.0014582
0.9595856 -0.0014279
0.9629660 -0.0013995
0.9662041 -0.0013728
0.9692989 -0.0013479
0.9722493 -0.0013245
0.9750543 -0.0013028
0.9777130 -0.0012825
0.9802246 -0.0012637
0.9825882 -0.0012462
0.9848029 -0.0012301
0.9868682 -0.0012153
0.9887833 -0.0012018
0.9905475 -0.0011894
0.9921602 -0.0011783
0.9936211 -0.0011683
0.9949294 -0.0011594
0.9960849 -0.0011517
0.9970870 -0.0011450
0.9979356 -0.0011393
0.9986303 -0.0011347
0.9991708 -0.0011312
0.9995570 -0.0011287
0.9997888 -0.0011271
0.9998661 -0.0011266
