AIRFOIL_LNY
1.0002370 0.0012918
1.0001628 0.0013168
0.9999403 0.0013915
0.9995695 0.0015160
0.9990505 0.0016902
0.9983835 0.0019138
0.9975686 0.0021867
0.9966060 0.0025085
0.9954959 0.0028790
0.9942387 0.0032977
0.9928346 0.0037644
0.9912839 0.0042784
0.9895871 0.0048394
0.9877447 0.0054467
0.9857569 0.0060997
0.9836244 0.0067979
0.9813477 0.0075406
0.9789273 0.0083269
0.9763639 0.0091562
0.9736581 0.0100277
0.9708106 0.0109404
0.9678221 0.0118936
0.9646934 0.0128863
0.9614252 0.0139176
0.9580185 0.0149864
0.9544740 0.0160918
0.9507928 0.0172328
0.9469757 0.0184081
0.9430237 0.0196168
0.9389379 0.0208577
0.9347194 0.0221295
0.9303692 0.0234313
0.9258885 0.0247617
0.9212785 0.0261195
0.9165404 0.0275034
0.9116754 0.0289123
0.9066849 0.0303447
0.9015703 0.0317995
0.8963328 0.0332752
0.8909739 0.0347706
0.8854950 0.0362843
0.8798977 0.0378150
0.8741835 0.0393612
0.8683539 0.0409217
0.8624106 0.0424949
0.8563551 0.0440797
0.8501892 0.0456745
0.8439146 0.0472779
0.8375330 0.0488886
0.8310462 0.0505052
0.8244561 0.0521262
0.8177644 0.0537503
0.8109732 0.0553761
0.8040842 0.0570021
0.7970996 0.0586270
0.7900212 0.0602494
0.7828512 0.0618679
0.7755915 0.0634812
0.7682443 0.0650877
0.7608117 0.0666863
0.7532958 0.0682756
0.7456989 0.0698541
0.7380232 0.0714206
0.7302709 0.0729738
0.7224443 0.0745122
0.7145457 0.0760348
0.7065774 0.0775400
0.6985419 0.0790268
0.6904415 0.0804938
0.6822787 0.0819398
0.6740558 0.0833635
0.6657754 0.0847638
0.6574400 0.0861394
0.6490520 0.0874892
0.6406141 0.0888121
0.6321288 0.0901068
0.6235988 0.0913723
0.6150265 0.0926076
0.6064147 0.0938114
0.5977660 0.0949828
0.5890831 0.0961207
0.5803687 0.0972241
0.5716255 0.0982921
0.5628563 0.0993237
0.5540637 0.1003180
0.5452506 0.1012741
0.5364198 0.1021910
0.5275740 0.1030680
0.5187160 0.1039043
0.5098487 0.1046990
0.5009749 0.1054514
0.4920975 0.1061607
0.4832193 0.1068264
0.4743431 0.1074477
0.4654719 0.1080241
0.4566085 0.1085549
0.4477557 0.1090395
0.4388372 0.1094722
0.4299233 0.1098439
0.4210278 0.1101543
0.4121537 0.1104030
0.4033042 0.1105898
0.3944822 0.1107146
0.3856908 0.1107773
0.3769330 0.1107778
0.3682119 0.1107161
0.3595304 0.1105923
0.3508918 0.1104066
0.3422989 0.1101591
0.3337548 0.1098501
0.3252625 0.1094799
0.3168249 0.1090490
0.3084451 0.1085577
0.3001259 0.1080066
0.2918704 0.1073962
0.2836814 0.1067272
0.2755618 0.1060003
0.2675146 0.1052163
0.2595424 0.1043758
0.2516482 0.1034799
0.2438347 0.1025294
0.2361046 0.1015254
0.2284608 0.1004688
0.2209057 0.0993608
0.2134422 0.0982025
0.2060727 0.0969952
0.1987998 0.0957399
0.1916261 0.0944382
0.1845541 0.0930912
0.1775861 0.0917004
0.1707245 0.0902672
0.1639717 0.0887930
0.1573299 0.0872795
0.1508015 0.0857280
0.1443884 0.0841403
0.1380930 0.0825178
0.1319173 0.0808623
0.1258632 0.0791753
0.1199329 0.0774585
0.1141280 0.0757137
0.1084507 0.0739426
0.1029025 0.0721469
0.0974853 0.0703283
0.0922007 0.0684885
0.0870505 0.0666294
0.0820360 0.0647526
0.0771589 0.0628600
0.0724206 0.0609533
0.0678224 0.0590342
0.0633658 0.0571044
0.0590519 0.0551656
0.0548820 0.0532197
0.0508573 0.0512682
0.0469787 0.0493127
0.0432475 0.0473551
0.0396645 0.0453967
0.0362306 0.0434392
0.0329468 0.0414842
0.0298138 0.0395331
0.0268324 0.0375874
0.0240033 0.0356485
0.0213271 0.0337177
0.0188044 0.0317965
0.0164358 0.0298860
0.0142216 0.0279875
0.0121624 0.0261022
0.0102585 0.0242311
0.0085103 0.0223753
0.0069179 0.0205358
0.0054817 0.0187135
0.0042017 0.0169093
0.0030781 0.0151239
0.0021110 0.0133580
0.0013005 0.0116125
0.0006463 0.0098877
0.0001486 0.0081843
-0.0001928 0.0065026
-0.0003782 0.0048431
-0.0004076 0.0032060
-0.0002815 0.0015916
0.0000000 0.0000000
0.0004338 -0.0015570
0.0010168 -0.0030676
0.0017486 -0.0045319
0.0026288 -0.0059499
0.0036567 -0.0073215
0.0048318 -0.0086468
0.0061534 -0.0099259
0.0076209 -0.0111589
0.0092335 -0.0123458
0.0109906 -0.0134868
0.0128912 -0.0145819
0.0149345 -0.0156314
0.0171197 -0.0166355
0.0194457 -0.0175942
0.0219117 -0.0185078
0.0245167 -0.0193766
0.0272595 -0.0202008
0.0301390 -0.0209806
0.0331543 -0.0217164
0.0363041 -0.0224085
0.0395871 -0.0230571
0.0430023 -0.0236627
0.0465483 -0.0242256
0.0502239 -0.0247463
0.0540277 -0.0252250
0.0579585 -0.0256624
0.0620147 -0.0260589
0.0661952 -0.0264149
0.0704983 -0.0267309
0.0749227 -0.0270076
0.0794669 -0.0272455
0.0841295 -0.0274451
0.0889089 -0.0276071
0.0938035 -0.0277322
0.0988120 -0.0278209
0.1039326 -0.0278741
0.1091638 -0.0278924
0.1145040 -0.0278765
0.1199515 -0.0278273
0.1255049 -0.0277455
0.1311624 -0.0276320
0.1369223 -0.0274876
0.1427831 -0.0273132
0.1487429 -0.0271096
0.1548002 -0.0268779
0.1609532 -0.0266189
0.1672002 -0.0263337
0.1735395 -0.0260232
0.1799693 -0.0256884
0.1864879 -0.0253304
0.1930935 -0.0249502
0.1997844 -0.0245489
0.2065588 -0.0241276
0.2134149 -0.0236874
0.2203509 -0.0232295
0.2273649 -0.0227550
0.2344552 -0.0222650
0.2416200 -0.0217607
0.2488573 -0.0212433
0.2561653 -0.0207140
0.2635422 -0.0201740
0.2709860 -0.0196245
0.2784949 -0.0190667
0.2860670 -0.0185019
0.2937003 -0.0179312
0.3013930 -0.0173558
0.3091430 -0.0167770
0.3169484 -0.0161960
0.3248072 -0.0156140
0.3327174 -0.0150321
0.3406771 -0.0144517
0.3486841 -0.0138738
0.3567365 -0.0132996
0.3648322 -0.0127303
0.3729691 -0.0121671
0.3811451 -0.0116109
0.3893582 -0.0110630
0.3976061 -0.0105243
0.4058868 -0.0099960
0.4141981 -0.0094791
0.4225378 -0.0089745
0.4309036 -0.0084832
0.4392935 -0.0080062
0.4477158 -0.0075443
0.4562358 -0.0070905
0.4647717 -0.0066409
0.4733209 -0.0061961
0.4818812 -0.0057568
0.4904501 -0.0053237
0.4990251 -0.0048975
0.5076037 -0.0044787
0.5161835 -0.0040680
0.5247620 -0.0036660
0.5333367 -0.0032731
0.5419051 -0.0028898
0.5504648 -0.0025168
0.5590131 -0.0021543
0.5675476 -0.0018029
0.5760658 -0.0014628
0.5845651 -0.0011344
0.5930430 -0.0008181
0.6014970 -0.0005142
0.6099246 -0.0002227
0.6183231 0.0000559
0.6266902 0.0003215
0.6350232 0.0005741
0.6433197 0.0008134
0.6515770 0.0010394
0.6597927 0.0012521
0.6679643 0.0014513
0.6760893 0.0016372
0.6841651 0.0018097
0.6921892 0.0019689
0.7001592 0.0021149
0.7080726 0.0022479
0.7159269 0.0023679
0.7237196 0.0024751
0.7314484 0.0025698
0.7391107 0.0026521
0.7467042 0.0027223
0.7542264 0.0027807
0.7616750 0.0028275
0.7690475 0.0028630
0.7763417 0.0028875
0.7835552 0.0029014
0.7906857 0.0029050
0.7977308 0.0028987
0.8046883 0.0028828
0.8115560 0.0028578
0.8183316 0.0028239
0.8250128 0.0027818
0.8315976 0.0027316
0.8380838 0.0026739
0.8444692 0.0026092
0.8507517 0.0025377
0.8569292 0.0024599
0.8629998 0.0023764
0.8689613 0.0022875
0.8748118 0.0021936
0.8805494 0.0020953
0.8861721 0.0019929
0.8916780 0.0018868
0.8970652 0.0017776
0.9023321 0.0016656
0.9074766 0.0015513
0.9124972 0.0014350
0.9173921 0.0013172
0.9221596 0.0011983
0.9267981 0.0010787
0.9313060 0.0009587
0.9356818 0.0008389
0.9399239 0.0007194
0.9440309 0.0006008
0.9480013 0.0004833
0.9518338 0.0003673
0.9555270 0.0002531
0.9590796 0.0001410
0.9624905 0.0000314
0.9657583 -0.0000754
0.9688820 -0.0001792
0.9718604 -0.0002797
0.9746926 -0.0003767
0.9773774 -0.0004698
0.9799140 -0.0005589
0.9823014 -0.0006437
0.9845388 -0.0007240
0.9866254 -0.0007996
0.9885605 -0.0008704
0.9903433 -0.0009361
0.9919732 -0.0009966
0.9934497 -0.0010519
0.9947722 -0.0011016
0.9959402 -0.0011458
0.9969533 -0.0011842
0.9978112 -0.0012170
0.9985135 -0.0012438
0.9990600 -0.0012648
0.9994505 -0.0012798
0.9996849 -0.0012888
0.9997630 -0.0012918
