AIRFOIL_LNY
1.0001845 0.0012408
1.0001099 0.0012627
0.9998861 0.0013282
0.9995131 0.0014373
0.9989911 0.0015900
0.9983202 0.0017859
0.9975005 0.0020251
0.9965323 0.0023072
0.9954158 0.0026319
0.9941514 0.0029990
0.9927393 0.0034081
0.9911799 0.0038588
0.9894737 0.0043506
0.9876210 0.0048831
0.9856224 0.0054558
0.9834783 0.0060682
0.9811895 0.0067195
0.9787564 0.0074093
0.9761796 0.0081369
0.9734600 0.0089016
0.9705982 0.0097026
0.9675949 0.0105393
0.9644510 0.0114107
0.9611673 0.0123162
0.9577448 0.0132549
0.9541842 0.0142258
0.9504866 0.0152282
0.9466529 0.0162611
0.9426843 0.0173235
0.9385817 0.0184145
0.9343464 0.0195330
0.9299794 0.0206782
0.9254819 0.0218488
0.9208553 0.0230440
0.9161006 0.0242626
0.9112194 0.0255036
0.9062128 0.0267658
0.9010824 0.0280482
0.8958295 0.0293496
0.8904556 0.0306689
0.8849622 0.0320050
0.8793508 0.0333567
0.8736230 0.0347228
0.8677805 0.0361022
0.8618248 0.0374937
0.8557577 0.0388961
0.8495809 0.0403083
0.8432961 0.0417290
0.8369052 0.0431571
0.8304100 0.0445914
0.8238122 0.0460307
0.8171140 0.0474738
0.8103170 0.0489195
0.8034234 0.0503666
0.7964352 0.0518140
0.7893543 0.0532604
0.7821828 0.0547047
0.7749228 0.0561458
0.7675765 0.0575824
0.7601460 0.0590134
0.7526334 0.0604376
0.7450411 0.0618539
0.7373712 0.0632611
0.7296260 0.0646582
0.7218078 0.0660439
0.7139189 0.0674172
0.7059618 0.0687769
0.6979387 0.0701221
0.6898520 0.0714515
0.6817043 0.0727641
0.6734980 0.0740588
0.6652354 0.0753347
0.6569192 0.0765906
0.6485519 0.0778255
0.6401359 0.0790385
0.6316739 0.0802285
0.6231685 0.0813945
0.6146222 0.0825356
0.6060376 0.0836508
0.5974175 0.0847392
0.5887644 0.0857999
0.5800811 0.0868319
0.5713702 0.0878345
0.5626344 0.0888066
0.5538764 0.0897476
0.5450990 0.0906565
0.5363050 0.0915325
0.5274970 0.0923749
0.5186778 0.0931830
0.5098503 0.0939559
0.5010171 0.0946930
0.4921812 0.0953936
0.4833452 0.0960570
0.4745120 0.0966826
0.4656845 0.0972698
0.4568653 0.0978180
0.4480574 0.0983266
0.4392636 0.0987952
0.4304866 0.0992233
0.4216854 0.0996088
0.4128452 0.0999393
0.4040296 0.1002115
0.3952413 0.1004254
0.3864836 0.1005807
0.3777592 0.1006774
0.3690712 0.1007155
0.3604226 0.1006949
0.3518164 0.1006158
0.3432555 0.1004783
0.3347428 0.1002826
0.3262814 0.1000289
0.3178741 0.0997176
0.3095238 0.0993491
0.3012335 0.0989237
0.2930061 0.0984419
0.2848443 0.0979044
0.2767510 0.0973116
0.2687290 0.0966643
0.2607812 0.0959631
0.2529102 0.0952089
0.2451188 0.0944024
0.2374096 0.0935445
0.2297855 0.0926362
0.2222489 0.0916784
0.2148025 0.0906721
0.2074489 0.0896185
0.2001905 0.0885186
0.1930298 0.0873737
0.1859693 0.0861848
0.1790114 0.0849534
0.1721585 0.0836806
0.1654127 0.0823679
0.1587765 0.0810165
0.1522519 0.0796279
0.1458412 0.0782035
0.1395465 0.0767447
0.1333699 0.0752532
0.1273133 0.0737303
0.1213787 0.0721776
0.1155680 0.0705968
0.1098831 0.0689893
0.1043258 0.0673567
0.0988978 0.0657006
0.0936008 0.0640228
0.0884364 0.0623247
0.0834062 0.0606080
0.0785117 0.0588743
0.0737544 0.0571252
0.0691358 0.0553624
0.0646570 0.0535874
0.0603195 0.0518018
0.0561244 0.0500073
0.0520730 0.0482053
0.0481663 0.0463975
0.0444055 0.0445853
0.0407915 0.0427702
0.0373253 0.0409537
0.0340077 0.0391372
0.0308397 0.0373222
0.0278220 0.0355099
0.0249553 0.0337018
0.0222403 0.0318990
0.0196777 0.0301029
0.0172679 0.0283145
0.0150116 0.0265352
0.0129092 0.0247659
0.0109610 0.0230077
0.0091676 0.0212615
0.0075291 0.0195284
0.0060458 0.0178092
0.0047179 0.0161046
0.0035457 0.0144155
0.0025292 0.0127425
0.0016684 0.0110862
0.0009635 0.0094473
0.0004143 0.0078262
0.0000207 0.0062232
-0.0002173 0.0046389
-0.0002999 0.0030735
-0.0002274 0.0015271
0.0000000 0.0000000
0.0003797 -0.0014965
0.0009091 -0.0029512
0.0015877 -0.0043639
0.0024152 -0.0057348
0.0033910 -0.0070637
0.0045146 -0.0083507
0.0057854 -0.0095959
0.0072027 -0.0107993
0.0087659 -0.0119610
0.0104743 -0.0130809
0.0123270 -0.0141594
0.0143233 -0.0151964
0.0164624 -0.0161921
0.0187432 -0.0171466
0.0211650 -0.0180602
0.0237267 -0.0189329
0.0264273 -0.0197650
0.0292658 -0.0205568
0.0322411 -0.0213084
0.0353521 -0.0220201
0.0385976 -0.0226923
0.0419765 -0.0233251
0.0454874 -0.0239189
0.0491293 -0.0244741
0.0529007 -0.0249910
0.0568005 -0.0254700
0.0608271 -0.0259115
0.0649794 -0.0263160
0.0692559 -0.0266838
0.0736551 -0.0270155
0.0781757 -0.0273115
0.0828161 -0.0275725
0.0875750 -0.0277988
0.0924507 -0.0279912
0.0974418 -0.0281501
0.1025466 -0.0282762
0.1077637 -0.0283702
0.1130915 -0.0284328
0.1185283 -0.0284645
0.1240724 -0.0284662
0.1297224 -0.0284385
0.1354765 -0.0283823
0.1413330 -0.0282983
0.1472903 -0.0281874
0.1533467 -0.0280504
0.1595004 -0.0278881
0.1657497 -0.0277015
0.1720929 -0.0274914
0.1785283 -0.0272587
0.1850539 -0.0270045
0.1916682 -0.0267297
0.1983692 -0.0264352
0.2051552 -0.0261221
0.2120243 -0.0257914
0.2189747 -0.0254442
0.2260046 -0.0250814
0.2331120 -0.0247042
0.2402952 -0.0243136
0.2475523 -0.0239108
0.2548812 -0.0234968
0.2622802 -0.0230727
0.2697473 -0.0226396
0.2772805 -0.0221987
0.2848779 -0.0217511
0.2925375 -0.0212979
0.3002573 -0.0208403
0.3080353 -0.0203793
0.3158696 -0.0199160
0.3237580 -0.0194517
0.3316985 -0.0189874
0.3396890 -0.0185242
0.3477275 -0.0180631
0.3558119 -0.0176054
0.3639400 -0.0171520
0.3721098 -0.0167039
0.3803189 -0.0162623
0.3885654 -0.0158281
0.3968470 -0.0154023
0.4051614 -0.0149859
0.4135066 -0.0145798
0.4218802 -0.0141849
0.4303403 -0.0137996
0.4388671 -0.0134133
0.4474141 -0.0130255
0.4559789 -0.0126367
0.4645591 -0.0122477
0.4731520 -0.0118592
0.4817553 -0.0114717
0.4903664 -0.0110860
0.4989829 -0.0107025
0.5076021 -0.0103220
0.5162217 -0.0099449
0.5248390 -0.0095718
0.5334515 -0.0092032
0.5420567 -0.0088396
0.5506521 -0.0084814
0.5592350 -0.0081291
0.5678029 -0.0077832
0.5763534 -0.0074439
0.5848838 -0.0071116
0.5933915 -0.0067868
0.6018740 -0.0064696
0.6103289 -0.0061604
0.6187534 -0.0058594
0.6271451 -0.0055669
0.6355014 -0.0052830
0.6438198 -0.0050079
0.6520978 -0.0047418
0.6603327 -0.0044847
0.6685222 -0.0042369
0.6766636 -0.0039984
0.6847546 -0.0037692
0.6927925 -0.0035493
0.7007749 -0.0033388
0.7086993 -0.0031376
0.7165634 -0.0029457
0.7243645 -0.0027631
0.7321004 -0.0025897
0.7397686 -0.0024253
0.7473666 -0.0022700
0.7548921 -0.0021234
0.7623428 -0.0019856
0.7697162 -0.0018563
0.7770101 -0.0017354
0.7842222 -0.0016227
0.7913501 -0.0015180
0.7983916 -0.0014211
0.8053444 -0.0013317
0.8122064 -0.0012497
0.8189754 -0.0011748
0.8256491 -0.0011067
0.8322254 -0.0010453
0.8387022 -0.0009903
0.8450775 -0.0009413
0.8513491 -0.0008982
0.8575150 -0.0008607
0.8635732 -0.0008286
0.8695218 -0.0008014
0.8753588 -0.0007791
0.8810823 -0.0007613
0.8866904 -0.0007477
0.8921813 -0.0007382
0.8975531 -0.0007324
0.9028042 -0.0007300
0.9079327 -0.0007309
0.9129369 -0.0007347
0.9178153 -0.0007412
0.9225662 -0.0007503
0.9271879 -0.0007615
0.9316790 -0.0007748
0.9360380 -0.0007898
0.9402633 -0.0008065
0.9443536 -0.0008244
0.9483075 -0.0008435
0.9521236 -0.0008635
0.9558007 -0.0008843
0.9593375 -0.0009057
0.9627328 -0.0009274
0.9659855 -0.0009494
0.9690944 -0.0009714
0.9720586 -0.0009933
0.9748769 -0.0010150
0.9775484 -0.0010362
0.9800722 -0.0010570
0.9824475 -0.0010771
0.9846734 -0.0010965
0.9867491 -0.0011149
0.9886739 -0.0011325
0.9904473 -0.0011489
0.9920685 -0.0011642
0.9935370 -0.0011783
0.9948522 -0.0011911
0.9960139 -0.0012025
0.9970214 -0.0012125
0.9978745 -0.0012211
0.9985730 -0.0012282
0.9991164 -0.0012337
0.9995048 -0.0012376
0.9997378 -0.0012400
0.9998155 -0.0012408
