AIRFOIL_LNY
1.0000648 0.0012272
0.9999892 0.0012416
0.9997624 0.0012849
0.9993845 0.0013570
0.9988555 0.0014578
0.9981757 0.0015873
0.9973452 0.0017453
0.9963643 0.0019318
0.9952333 0.0021465
0.9939524 0.0023892
0.9925221 0.0026598
0.9909428 0.0029581
0.9892150 0.0032837
0.9873391 0.0036363
0.9853157 0.0040158
0.9831454 0.0044217
0.9808288 0.0048537
0.9783667 0.0053114
0.9757596 0.0057946
0.9730085 0.0063027
0.9701141 0.0068353
0.9670772 0.0073920
0.9638987 0.0079724
0.9605797 0.0085760
0.9571210 0.0092022
0.9535237 0.0098506
0.9497888 0.0105207
0.9459174 0.0112119
0.9419108 0.0119237
0.9377700 0.0126555
0.9334962 0.0134068
0.9290909 0.0141769
0.9245551 0.0149654
0.9198904 0.0157715
0.9150980 0.0165947
0.9101795 0.0174344
0.9051362 0.0182899
0.8999696 0.0191607
0.8946814 0.0200460
0.8892730 0.0209453
0.8837460 0.0218578
0.8781022 0.0227830
0.8723432 0.0237202
0.8664706 0.0246687
0.8604864 0.0256278
0.8543922 0.0265970
0.8481899 0.0275754
0.8418813 0.0285625
0.8354683 0.0295576
0.8289529 0.0305600
0.8223369 0.0315690
0.8156224 0.0325839
0.8088114 0.0336041
0.8019059 0.0346289
0.7949081 0.0356576
0.7878199 0.0366895
0.7806436 0.0377239
0.7733812 0.0387602
0.7660351 0.0397976
0.7586074 0.0408356
0.7511003 0.0418733
0.7435161 0.0429101
0.7358571 0.0439453
0.7281256 0.0449783
0.7203239 0.0460083
0.7124544 0.0470346
0.7045196 0.0480567
0.6965217 0.0490736
0.6884632 0.0500849
0.6803466 0.0510898
0.6721742 0.0520875
0.6639487 0.0530774
0.6556724 0.0540589
0.6473480 0.0550312
0.6389779 0.0559935
0.6305646 0.0569454
0.6221108 0.0578859
0.6136190 0.0588145
0.6050918 0.0597304
0.5965318 0.0606330
0.5879416 0.0615215
0.5793239 0.0623953
0.5706812 0.0632537
0.5620162 0.0640960
0.5533315 0.0649214
0.5446298 0.0657294
0.5359138 0.0665193
0.5271862 0.0672903
0.5184495 0.0680418
0.5097066 0.0687732
0.5009600 0.0694837
0.4922125 0.0701728
0.4834667 0.0708397
0.4747253 0.0714839
0.4659911 0.0721047
0.4572666 0.0727015
0.4485547 0.0732737
0.4398579 0.0738207
0.4311790 0.0743419
0.4225206 0.0748367
0.4138854 0.0753046
0.4052760 0.0757451
0.3966952 0.0761575
0.3881456 0.0765415
0.3796298 0.0768964
0.3711504 0.0772219
0.3627101 0.0775175
0.3543114 0.0777827
0.3459571 0.0780171
0.3376496 0.0782204
0.3293916 0.0783921
0.3211856 0.0785320
0.3130341 0.0786397
0.3049397 0.0787150
0.2969048 0.0787575
0.2889321 0.0787670
0.2810239 0.0787433
0.2731827 0.0786863
0.2654109 0.0785957
0.2577110 0.0784715
0.2500853 0.0783135
0.2425363 0.0781218
0.2350661 0.0778962
0.2276439 0.0776365
0.2200435 0.0773190
0.2125358 0.0769293
0.2051234 0.0764687
0.1978092 0.0759390
0.1905957 0.0753418
0.1834856 0.0746789
0.1764815 0.0739519
0.1695859 0.0731627
0.1628012 0.0723131
0.1561298 0.0714052
0.1495741 0.0704409
0.1431364 0.0694222
0.1368189 0.0683510
0.1306238 0.0672295
0.1245531 0.0660599
0.1186089 0.0648441
0.1127932 0.0635843
0.1071078 0.0622827
0.1015547 0.0609415
0.0961355 0.0595629
0.0908521 0.0581489
0.0857060 0.0567019
0.0806988 0.0552239
0.0758321 0.0537172
0.0711071 0.0521839
0.0665255 0.0506261
0.0620883 0.0490460
0.0577969 0.0474457
0.0536524 0.0458272
0.0496560 0.0441926
0.0458086 0.0425438
0.0421113 0.0408829
0.0385649 0.0392118
0.0351703 0.0375323
0.0319282 0.0358463
0.0288394 0.0341556
0.0259044 0.0324618
0.0231240 0.0307667
0.0204986 0.0290718
0.0180287 0.0273787
0.0157147 0.0256889
0.0135569 0.0240037
0.0115556 0.0223245
0.0097111 0.0206525
0.0080235 0.0189889
0.0064929 0.0173349
0.0051194 0.0156914
0.0039031 0.0140593
0.0028438 0.0124396
0.0019414 0.0108330
0.0011958 0.0092402
0.0006068 0.0076617
0.0001742 0.0060982
-0.0001024 0.0045500
-0.0002234 0.0030174
-0.0001891 0.0015007
0.0000000 0.0000000
0.0003414 -0.0014735
0.0008325 -0.0029087
0.0014729 -0.0043058
0.0022617 -0.0056647
0.0031985 -0.0069856
0.0042823 -0.0082687
0.0055125 -0.0095140
0.0068882 -0.0107218
0.0084086 -0.0118923
0.0100728 -0.0130258
0.0118799 -0.0141227
0.0138289 -0.0151833
0.0159188 -0.0162079
0.0181486 -0.0171969
0.0205173 -0.0181508
0.0230236 -0.0190702
0.0256665 -0.0199554
0.0284448 -0.0208070
0.0313574 -0.0216256
0.0344029 -0.0224118
0.0375802 -0.0231662
0.0408880 -0.0238896
0.0443249 -0.0245825
0.0478897 -0.0252457
0.0515809 -0.0258800
0.0553973 -0.0264862
0.0593375 -0.0270651
0.0634000 -0.0276174
0.0675834 -0.0281442
0.0718863 -0.0286463
0.0763072 -0.0291246
0.0808448 -0.0295800
0.0854974 -0.0300137
0.0902636 -0.0304266
0.0951419 -0.0308197
0.1001309 -0.0311941
0.1052289 -0.0315509
0.1104346 -0.0318912
0.1157462 -0.0322162
0.1211624 -0.0325270
0.1266815 -0.0328248
0.1323021 -0.0331108
0.1380225 -0.0333863
0.1438413 -0.0336525
0.1497568 -0.0339107
0.1557675 -0.0341622
0.1618718 -0.0344082
0.1680682 -0.0346502
0.1743551 -0.0348894
0.1807309 -0.0351272
0.1871940 -0.0353649
0.1937428 -0.0356040
0.2003758 -0.0358459
0.2070913 -0.0360919
0.2138878 -0.0363434
0.2207636 -0.0366019
0.2277170 -0.0368687
0.2350146 -0.0371308
0.2424257 -0.0373668
0.2499147 -0.0375769
0.2574794 -0.0377612
0.2651175 -0.0379200
0.2728268 -0.0380536
0.2806050 -0.0381625
0.2884497 -0.0382468
0.2963585 -0.0383071
0.3043292 -0.0383437
0.3123593 -0.0383570
0.3204465 -0.0383475
0.3285883 -0.0383155
0.3367822 -0.0382616
0.3450259 -0.0381863
0.3533169 -0.0380900
0.3616526 -0.0379732
0.3700306 -0.0378365
0.3784483 -0.0376803
0.3869034 -0.0375053
0.3953931 -0.0373119
0.4039150 -0.0371008
0.4124664 -0.0368723
0.4210449 -0.0366273
0.4296479 -0.0363660
0.4382727 -0.0360893
0.4469168 -0.0357976
0.4555776 -0.0354914
0.4642524 -0.0351714
0.4729387 -0.0348381
0.4816338 -0.0344922
0.4903351 -0.0341340
0.4990400 -0.0337643
0.5077458 -0.0333835
0.5164500 -0.0329922
0.5251498 -0.0325910
0.5338426 -0.0321804
0.5425259 -0.0317608
0.5511970 -0.0313329
0.5598532 -0.0308971
0.5684919 -0.0304540
0.5771106 -0.0300040
0.5857065 -0.0295476
0.5942772 -0.0290853
0.6028199 -0.0286175
0.6113320 -0.0281448
0.6198111 -0.0276674
0.6282544 -0.0271860
0.6366595 -0.0267009
0.6450237 -0.0262124
0.6533446 -0.0257211
0.6616195 -0.0252273
0.6698459 -0.0247314
0.6780214 -0.0242337
0.6861434 -0.0237346
0.6942095 -0.0232345
0.7022171 -0.0227337
0.7101638 -0.0222326
0.7180472 -0.0217314
0.7258649 -0.0212306
0.7336145 -0.0207303
0.7412936 -0.0202309
0.7488997 -0.0197327
0.7564307 -0.0192360
0.7638842 -0.0187411
0.7712578 -0.0182482
0.7785493 -0.0177577
0.7857565 -0.0172697
0.7928772 -0.0167846
0.7999091 -0.0163026
0.8068501 -0.0158240
0.8136980 -0.0153490
0.8204507 -0.0148778
0.8271062 -0.0144108
0.8336623 -0.0139481
0.8401171 -0.0134900
0.8464685 -0.0130368
0.8527146 -0.0125886
0.8588534 -0.0121458
0.8648831 -0.0117085
0.8708017 -0.0112770
0.8766074 -0.0108515
0.8822984 -0.0104322
0.8878730 -0.0100195
0.8933294 -0.0096134
0.8986659 -0.0092143
0.9038808 -0.0088224
0.9089726 -0.0084379
0.9139395 -0.0080611
0.9187802 -0.0076921
0.9234930 -0.0073312
0.9280764 -0.0069786
0.9325292 -0.0066345
0.9368497 -0.0062992
0.9410368 -0.0059729
0.9450891 -0.0056558
0.9490052 -0.0053481
0.9527841 -0.0050500
0.9564245 -0.0047617
0.9599252 -0.0044834
0.9632851 -0.0042154
0.9665032 -0.0039578
0.9695786 -0.0037108
0.9725101 -0.0034745
0.9752969 -0.0032493
0.9779381 -0.0030352
0.9804329 -0.0028323
0.9827804 -0.0026410
0.9849800 -0.0024612
0.9870310 -0.0022932
0.9889326 -0.0021371
0.9906843 -0.0019930
0.9922856 -0.0018610
0.9937359 -0.0017413
0.9950348 -0.0016338
0.9961818 -0.0015389
0.9971767 -0.0014564
0.9980190 -0.0013865
0.9987085 -0.0013292
0.9992450 -0.0012846
0.9996284 -0.0012527
0.9998585 -0.0012336
0.9999352 -0.0012272
