AIRFOIL_LNY
1.0000559 0.0007932
0.9999802 0.0008053
0.9997532 0.0008416
0.9993749 0.0009020
0.9988454 0.0009865
0.9981649 0.0010950
0.9973336 0.0012274
0.9963517 0.0013836
0.9952195 0.0015634
0.9939373 0.0017667
0.9925056 0.0019933
0.9909247 0.0022429
0.9891952 0.0025154
0.9873174 0.0028105
0.9852920 0.0031279
0.9831195 0.0034674
0.9808006 0.0038286
0.9783360 0.0042111
0.9757264 0.0046148
0.9729725 0.0050391
0.9700752 0.0054838
0.9670354 0.0059484
0.9638538 0.0064324
0.9605315 0.0069356
0.9570694 0.0074574
0.9534686 0.0079974
0.9497300 0.0085551
0.9458549 0.0091300
0.9418443 0.0097216
0.9376995 0.0103295
0.9334216 0.0109531
0.9290120 0.0115919
0.9244719 0.0122454
0.9198027 0.0129129
0.9150057 0.0135940
0.9100825 0.0142880
0.9050344 0.0149945
0.8998629 0.0157128
0.8945696 0.0164424
0.8891561 0.0171826
0.8836239 0.0179329
0.8779748 0.0186927
0.8722104 0.0194613
0.8663324 0.0202382
0.8603426 0.0210228
0.8542427 0.0218144
0.8480347 0.0226124
0.8417202 0.0234163
0.8353014 0.0242253
0.8287800 0.0250390
0.8221580 0.0258566
0.8154374 0.0266775
0.8086202 0.0275012
0.8017085 0.0283270
0.7947043 0.0291543
0.7876098 0.0299825
0.7804271 0.0308109
0.7731583 0.0316390
0.7658056 0.0324661
0.7583714 0.0332917
0.7508577 0.0341150
0.7432668 0.0349356
0.7356012 0.0357528
0.7278630 0.0365660
0.7200546 0.0373747
0.7121784 0.0381781
0.7042368 0.0389758
0.6962322 0.0397671
0.6881669 0.0405515
0.6800435 0.0413284
0.6718644 0.0420972
0.6636320 0.0428573
0.6553490 0.0436081
0.6470178 0.0443492
0.6386409 0.0450799
0.6302210 0.0457997
0.6217605 0.0465080
0.6132620 0.0472043
0.6047282 0.0478881
0.5961616 0.0485588
0.5875649 0.0492158
0.5789406 0.0498588
0.5702915 0.0504871
0.5616201 0.0511003
0.5529291 0.0516979
0.5442213 0.0522793
0.5354991 0.0528441
0.5267654 0.0533918
0.5180228 0.0539219
0.5092740 0.0544341
0.5005217 0.0549278
0.4917685 0.0554026
0.4830172 0.0558581
0.4742705 0.0562938
0.4655310 0.0567094
0.4568015 0.0571046
0.4480846 0.0574788
0.4393830 0.0578317
0.4306994 0.0581631
0.4220365 0.0584725
0.4133970 0.0587596
0.4047836 0.0590242
0.3961988 0.0592659
0.3876454 0.0594845
0.3791261 0.0596797
0.3706434 0.0598513
0.3621999 0.0599991
0.3537634 0.0601210
0.3453298 0.0602040
0.3369435 0.0602457
0.3286071 0.0602461
0.3203232 0.0602056
0.3120947 0.0601243
0.3039241 0.0600027
0.2958141 0.0598409
0.2877673 0.0596393
0.2797864 0.0593984
0.2718739 0.0591186
0.2640325 0.0588003
0.2562646 0.0584442
0.2485727 0.0580507
0.2409594 0.0576204
0.2334272 0.0571540
0.2259784 0.0566521
0.2186155 0.0561155
0.2113409 0.0555448
0.2041569 0.0549409
0.1970658 0.0543044
0.1900700 0.0536363
0.1831716 0.0529374
0.1763729 0.0522086
0.1696761 0.0514508
0.1630833 0.0506648
0.1565966 0.0498518
0.1502181 0.0490125
0.1439497 0.0481482
0.1377936 0.0472597
0.1317515 0.0463481
0.1258255 0.0454144
0.1200174 0.0444598
0.1143290 0.0434853
0.1087620 0.0424919
0.1033182 0.0414808
0.0979993 0.0404531
0.0928069 0.0394099
0.0877426 0.0383523
0.0828080 0.0372815
0.0780045 0.0361984
0.0733335 0.0351043
0.0687966 0.0340002
0.0643950 0.0328872
0.0601300 0.0317664
0.0560029 0.0306390
0.0520150 0.0295059
0.0481673 0.0283682
0.0444609 0.0272269
0.0408970 0.0260831
0.0374766 0.0249377
0.0342006 0.0237917
0.0310699 0.0226461
0.0280854 0.0215017
0.0252480 0.0203595
0.0225583 0.0192204
0.0200171 0.0180850
0.0176251 0.0169544
0.0153828 0.0158291
0.0132910 0.0147100
0.0113500 0.0135977
0.0095604 0.0124929
0.0079226 0.0113962
0.0064370 0.0103082
0.0051039 0.0092293
0.0039236 0.0081602
0.0028963 0.0071012
0.0020222 0.0060527
0.0013015 0.0050152
0.0007343 0.0039888
0.0003205 0.0029739
0.0000603 0.0019707
-0.0000466 0.0009794
0.0000000 0.0000000
0.0001989 -0.0009601
0.0005489 -0.0018936
0.0010500 -0.0028006
0.0017017 -0.0036810
0.0025038 -0.0045348
0.0034559 -0.0053620
0.0045575 -0.0061627
0.0058083 -0.0069369
0.0072077 -0.0076845
0.0087552 -0.0084058
0.0104502 -0.0091007
0.0122920 -0.0097694
0.0142799 -0.0104120
0.0164133 -0.0110285
0.0186913 -0.0116193
0.0211132 -0.0121842
0.0236782 -0.0127237
0.0263852 -0.0132378
0.0292335 -0.0137267
0.0322219 -0.0141908
0.0353497 -0.0146301
0.0386155 -0.0150449
0.0420185 -0.0154356
0.0455575 -0.0158023
0.0492313 -0.0161455
0.0530387 -0.0164653
0.0569785 -0.0167622
0.0610495 -0.0170365
0.0652503 -0.0172886
0.0695796 -0.0175188
0.0740361 -0.0177276
0.0786184 -0.0179154
0.0833250 -0.0180825
0.0881544 -0.0182296
0.0931053 -0.0183570
0.0981761 -0.0184653
0.1033652 -0.0185549
0.1086710 -0.0186265
0.1140920 -0.0186804
0.1196266 -0.0187174
0.1252730 -0.0187379
0.1310297 -0.0187426
0.1368948 -0.0187321
0.1428666 -0.0187071
0.1489435 -0.0186680
0.1551236 -0.0186157
0.1614050 -0.0185508
0.1677861 -0.0184740
0.1742648 -0.0183859
0.1808394 -0.0182873
0.1875080 -0.0181789
0.1942685 -0.0180615
0.2011191 -0.0179357
0.2080578 -0.0178024
0.2150827 -0.0176622
0.2221916 -0.0175160
0.2293826 -0.0173646
0.2366536 -0.0172086
0.2440025 -0.0170490
0.2514273 -0.0168864
0.2589258 -0.0167217
0.2664960 -0.0165556
0.2741356 -0.0163889
0.2818424 -0.0162225
0.2896144 -0.0160571
0.2974493 -0.0158934
0.3053448 -0.0157323
0.3132987 -0.0155745
0.3213088 -0.0154208
0.3293728 -0.0152719
0.3374884 -0.0151286
0.3456532 -0.0149915
0.3538649 -0.0148615
0.3621627 -0.0147366
0.3705376 -0.0146050
0.3789520 -0.0144652
0.3874035 -0.0143178
0.3958895 -0.0141630
0.4044074 -0.0140013
0.4129548 -0.0138332
0.4215290 -0.0136591
0.4301275 -0.0134793
0.4387477 -0.0132943
0.4473870 -0.0131045
0.4560428 -0.0129102
0.4647125 -0.0127120
0.4733935 -0.0125100
0.4820833 -0.0123049
0.4907790 -0.0120968
0.4994783 -0.0118862
0.5081784 -0.0116734
0.5168767 -0.0114588
0.5255705 -0.0112426
0.5342573 -0.0110253
0.5429345 -0.0108071
0.5515993 -0.0105883
0.5602493 -0.0103692
0.5688816 -0.0101502
0.5774939 -0.0099313
0.5860833 -0.0097130
0.5946474 -0.0094954
0.6031835 -0.0092789
0.6116890 -0.0090635
0.6201614 -0.0088495
0.6285981 -0.0086371
0.6369964 -0.0084264
0.6453539 -0.0082178
0.6536680 -0.0080112
0.6619361 -0.0078068
0.6701558 -0.0076049
0.6783245 -0.0074054
0.6864397 -0.0072086
0.6944990 -0.0070144
0.7024998 -0.0068231
0.7104398 -0.0066347
0.7183165 -0.0064492
0.7261275 -0.0062667
0.7338704 -0.0060874
0.7415428 -0.0059111
0.7491423 -0.0057380
0.7566667 -0.0055681
0.7641136 -0.0054014
0.7714808 -0.0052379
0.7787658 -0.0050777
0.7859666 -0.0049208
0.7930809 -0.0047670
0.8001066 -0.0046166
0.8070413 -0.0044693
0.8138830 -0.0043253
0.8206297 -0.0041845
0.8272791 -0.0040469
0.8338292 -0.0039124
0.8402781 -0.0037811
0.8466237 -0.0036530
0.8528641 -0.0035279
0.8589972 -0.0034059
0.8650213 -0.0032869
0.8709344 -0.0031709
0.8767348 -0.0030580
0.8824205 -0.0029480
0.8879899 -0.0028409
0.8934411 -0.0027367
0.8987726 -0.0026354
0.9039826 -0.0025369
0.9090696 -0.0024412
0.9140318 -0.0023484
0.9188679 -0.0022583
0.9235762 -0.0021710
0.9281553 -0.0020865
0.9326038 -0.0020047
0.9369202 -0.0019255
0.9411033 -0.0018491
0.9451516 -0.0017754
0.9490640 -0.0017043
0.9528392 -0.0016359
0.9564761 -0.0015702
0.9599734 -0.0015072
0.9633301 -0.0014467
0.9665451 -0.0013890
0.9696174 -0.0013339
0.9725460 -0.0012814
0.9753301 -0.0012316
0.9779687 -0.0011845
0.9804611 -0.0011400
0.9828063 -0.0010981
0.9850038 -0.0010590
0.9870527 -0.0010225
0.9889524 -0.0009886
0.9907024 -0.0009575
0.9923021 -0.0009290
0.9937510 -0.0009033
0.9950486 -0.0008802
0.9961945 -0.0008598
0.9971883 -0.0008422
0.9980298 -0.0008272
0.9987187 -0.0008150
0.9992547 -0.0008055
0.9996376 -0.0007987
0.9998675 -0.0007946
0.9999441 -0.0007932
