AIRFOIL_LNY
1.0000259 0.0008227
0.9999500 0.0008321
0.9997222 0.0008602
0.9993426 0.0009071
0.9988114 0.0009726
0.9981286 0.0010567
0.9972946 0.0011593
0.9963094 0.0012804
0.9951735 0.0014197
0.9938872 0.0015773
0.9924508 0.0017528
0.9908649 0.0019462
0.9891297 0.0021573
0.9872459 0.0023858
0.9852141 0.0026316
0.9830348 0.0028944
0.9807087 0.0031740
0.9782364 0.0034701
0.9756188 0.0037823
0.9728565 0.0041106
0.9699505 0.0044544
0.9669016 0.0048136
0.9637106 0.0051877
0.9603786 0.0055765
0.9569066 0.0059796
0.9532955 0.0063965
0.9495465 0.0068271
0.9456606 0.0072707
0.9416391 0.0077272
0.9374832 0.0081960
0.9331940 0.0086768
0.9287729 0.0091691
0.9242212 0.0096725
0.9195403 0.0101866
0.9147316 0.0107109
0.9097964 0.0112450
0.9047363 0.0117885
0.8995529 0.0123409
0.8942476 0.0129017
0.8888220 0.0134704
0.8832779 0.0140467
0.8776168 0.0146300
0.8718405 0.0152199
0.8659506 0.0158158
0.8599490 0.0164174
0.8538376 0.0170241
0.8476180 0.0176355
0.8412922 0.0182510
0.8348621 0.0188703
0.8283297 0.0194927
0.8216969 0.0201179
0.8149657 0.0207454
0.8081381 0.0213746
0.8012163 0.0220051
0.7942022 0.0226364
0.7870981 0.0232681
0.7799061 0.0238995
0.7726283 0.0245304
0.7652670 0.0251601
0.7578243 0.0257883
0.7503026 0.0264144
0.7427042 0.0270379
0.7350312 0.0276584
0.7272861 0.0282754
0.7194712 0.0288884
0.7115889 0.0294970
0.7036415 0.0301007
0.6956315 0.0306990
0.6875614 0.0312914
0.6794335 0.0318775
0.6712504 0.0324569
0.6630145 0.0330289
0.6547284 0.0335933
0.6463945 0.0341494
0.6380154 0.0346969
0.6295937 0.0352354
0.6211319 0.0357642
0.6126326 0.0362831
0.6040985 0.0367914
0.5955320 0.0372889
0.5869359 0.0377750
0.5783127 0.0382493
0.5696651 0.0387113
0.5609958 0.0391607
0.5523073 0.0395969
0.5436024 0.0400196
0.5348837 0.0404283
0.5261571 0.0408229
0.5174234 0.0412038
0.5086840 0.0415707
0.4999417 0.0419231
0.4911991 0.0422607
0.4824588 0.0425830
0.4737236 0.0428897
0.4649961 0.0431804
0.4562790 0.0434546
0.4475750 0.0437122
0.4388867 0.0439526
0.4302169 0.0441755
0.4215681 0.0443807
0.4129431 0.0445677
0.4043444 0.0447362
0.3957748 0.0448860
0.3872368 0.0450167
0.3787332 0.0451281
0.3702664 0.0452198
0.3618391 0.0452917
0.3534539 0.0453434
0.3451134 0.0453748
0.3368202 0.0453856
0.3285767 0.0453756
0.3203856 0.0453447
0.3122493 0.0452927
0.3041704 0.0452193
0.2961513 0.0451246
0.2881945 0.0450084
0.2803025 0.0448705
0.2724777 0.0447110
0.2647225 0.0445298
0.2570393 0.0443267
0.2494304 0.0441019
0.2418983 0.0438553
0.2344451 0.0435869
0.2270733 0.0432968
0.2197850 0.0429850
0.2125825 0.0426517
0.2054681 0.0422969
0.1984439 0.0419208
0.1915121 0.0415235
0.1846748 0.0411052
0.1779341 0.0406661
0.1712921 0.0402064
0.1647508 0.0397262
0.1583123 0.0392259
0.1519784 0.0387057
0.1457512 0.0381660
0.1396325 0.0376069
0.1336243 0.0370288
0.1277284 0.0364321
0.1219465 0.0358170
0.1162804 0.0351840
0.1107319 0.0345335
0.1053027 0.0338657
0.0999944 0.0331812
0.0948087 0.0324803
0.0897470 0.0317635
0.0848110 0.0310311
0.0800022 0.0302836
0.0753220 0.0295216
0.0707719 0.0287453
0.0663532 0.0279553
0.0620672 0.0271520
0.0579154 0.0263359
0.0538988 0.0255075
0.0500188 0.0246672
0.0462764 0.0238154
0.0426730 0.0229527
0.0392094 0.0220795
0.0358868 0.0211962
0.0327062 0.0203033
0.0296685 0.0194013
0.0267746 0.0184904
0.0240254 0.0175713
0.0214217 0.0166442
0.0189644 0.0157096
0.0166540 0.0147679
0.0144914 0.0138194
0.0124771 0.0128646
0.0106117 0.0119036
0.0088959 0.0109369
0.0073301 0.0099648
0.0059147 0.0089876
0.0046502 0.0080055
0.0035369 0.0070188
0.0025752 0.0060277
0.0017654 0.0050324
0.0011076 0.0040332
0.0006020 0.0030303
0.0002489 0.0020236
0.0000482 0.0010135
0.0000000 0.0000000
0.0001041 -0.0010093
0.0003603 -0.0020068
0.0007684 -0.0029924
0.0013284 -0.0039659
0.0020399 -0.0049273
0.0029029 -0.0058765
0.0039169 -0.0068133
0.0050818 -0.0077374
0.0063970 -0.0086489
0.0078622 -0.0095475
0.0094769 -0.0104330
0.0112407 -0.0113052
0.0131529 -0.0121640
0.0152129 -0.0130091
0.0174202 -0.0138403
0.0197739 -0.0146574
0.0222735 -0.0154601
0.0249181 -0.0162483
0.0277068 -0.0170217
0.0306389 -0.0177800
0.0337134 -0.0185230
0.0369293 -0.0192505
0.0402857 -0.0199622
0.0437816 -0.0206579
0.0474158 -0.0213373
0.0511872 -0.0220002
0.0550947 -0.0226463
0.0591371 -0.0232755
0.0633131 -0.0238874
0.0676214 -0.0244818
0.0720608 -0.0250586
0.0766299 -0.0256175
0.0813272 -0.0261583
0.0861514 -0.0266808
0.0911009 -0.0271849
0.0961744 -0.0276703
0.1013701 -0.0281369
0.1066865 -0.0285845
0.1121221 -0.0290130
0.1176751 -0.0294223
0.1233440 -0.0298123
0.1291268 -0.0301828
0.1350220 -0.0305338
0.1410277 -0.0308652
0.1471420 -0.0311770
0.1533632 -0.0314691
0.1596894 -0.0317415
0.1661186 -0.0319943
0.1726489 -0.0322274
0.1792783 -0.0324408
0.1860048 -0.0326347
0.1928264 -0.0328091
0.1997410 -0.0329640
0.2067466 -0.0330997
0.2138410 -0.0332161
0.2210221 -0.0333136
0.2282877 -0.0333921
0.2356356 -0.0334519
0.2430637 -0.0334932
0.2505696 -0.0335162
0.2581511 -0.0335211
0.2658059 -0.0335081
0.2735318 -0.0334776
0.2813263 -0.0334297
0.2891872 -0.0333648
0.2971121 -0.0332831
0.3050985 -0.0331851
0.3131441 -0.0330709
0.3212465 -0.0329409
0.3294031 -0.0327956
0.3376117 -0.0326351
0.3458696 -0.0324600
0.3541744 -0.0322705
0.3625235 -0.0320671
0.3709146 -0.0318501
0.3793449 -0.0316200
0.3878121 -0.0313771
0.3963135 -0.0311218
0.4048466 -0.0308546
0.4134088 -0.0305759
0.4219974 -0.0302860
0.4306100 -0.0299855
0.4392440 -0.0296747
0.4478966 -0.0293541
0.4565653 -0.0290240
0.4652475 -0.0286849
0.4739405 -0.0283372
0.4826417 -0.0279814
0.4913485 -0.0276178
0.5000583 -0.0272469
0.5087684 -0.0268690
0.5174761 -0.0264846
0.5261789 -0.0260940
0.5348728 -0.0256978
0.5435534 -0.0252970
0.5522212 -0.0248924
0.5608736 -0.0244844
0.5695080 -0.0240734
0.5781218 -0.0236595
0.5867123 -0.0232433
0.5952770 -0.0228251
0.6038132 -0.0224051
0.6123184 -0.0219837
0.6207900 -0.0215612
0.6292254 -0.0211380
0.6376220 -0.0207142
0.6459772 -0.0202902
0.6542886 -0.0198663
0.6625536 -0.0194427
0.6707697 -0.0190197
0.6789344 -0.0185976
0.6870452 -0.0181765
0.6950996 -0.0177567
0.7030951 -0.0173384
0.7110294 -0.0169219
0.7189000 -0.0165074
0.7267044 -0.0160950
0.7344404 -0.0156850
0.7421055 -0.0152775
0.7496974 -0.0148728
0.7572137 -0.0144710
0.7646523 -0.0140722
0.7720107 -0.0136768
0.7792868 -0.0132847
0.7864783 -0.0128963
0.7935830 -0.0125116
0.8005987 -0.0121307
0.8075234 -0.0117540
0.8143547 -0.0113813
0.8210907 -0.0110131
0.8277293 -0.0106492
0.8342685 -0.0102900
0.8407062 -0.0099355
0.8470404 -0.0095859
0.8532692 -0.0092413
0.8593908 -0.0089018
0.8654031 -0.0085676
0.8713044 -0.0082387
0.8770928 -0.0079154
0.8827666 -0.0075977
0.8883239 -0.0072858
0.8937632 -0.0069797
0.8990826 -0.0066797
0.9042807 -0.0063858
0.9093556 -0.0060982
0.9143060 -0.0058169
0.9191303 -0.0055422
0.9238269 -0.0052740
0.9283944 -0.0050126
0.9328314 -0.0047581
0.9371365 -0.0045106
0.9413085 -0.0042701
0.9453459 -0.0040369
0.9492476 -0.0038110
0.9530123 -0.0035925
0.9566389 -0.0033816
0.9601262 -0.0031784
0.9634732 -0.0029829
0.9666789 -0.0027953
0.9697421 -0.0026156
0.9726620 -0.0024441
0.9754377 -0.0022807
0.9780683 -0.0021255
0.9805530 -0.0019788
0.9828910 -0.0018404
0.9850816 -0.0017106
0.9871241 -0.0015894
0.9890179 -0.0014769
0.9907623 -0.0013730
0.9923569 -0.0012780
0.9938011 -0.0011919
0.9950945 -0.0011147
0.9962367 -0.0010464
0.9972273 -0.0009872
0.9980661 -0.0009370
0.9987527 -0.0008959
0.9992869 -0.0008639
0.9996686 -0.0008410
0.9998977 -0.0008273
0.9999741 -0.0008227
