AIRFOIL_LNY
1.0003506 0.0016036
1.0002773 0.0016338
1.0000576 0.0017246
0.9996915 0.0018757
0.9991790 0.0020870
0.9985203 0.0023583
0.9977155 0.0026894
0.9967648 0.0030797
0.9956682 0.0035290
0.9944262 0.0040366
0.9930389 0.0046022
0.9915065 0.0052250
0.9898295 0.0059043
0.9880082 0.0066395
0.9860429 0.0074298
0.9839340 0.0082742
0.9816820 0.0091719
0.9792874 0.0101219
0.9767506 0.0111232
0.9740723 0.0121747
0.9712528 0.0132753
0.9682930 0.0144238
0.9651934 0.0156190
0.9619546 0.0168595
0.9585774 0.0181442
0.9550626 0.0194716
0.9514108 0.0208402
0.9476230 0.0222488
0.9437000 0.0236957
0.9396425 0.0251795
0.9354517 0.0266985
0.9311284 0.0282513
0.9266736 0.0298361
0.9220884 0.0314514
0.9173738 0.0330954
0.9125310 0.0347664
0.9075610 0.0364627
0.9024652 0.0381826
0.8972447 0.0399242
0.8919007 0.0416859
0.8864346 0.0434656
0.8808478 0.0452618
0.8751416 0.0470724
0.8693174 0.0488956
0.8633767 0.0507297
0.8573211 0.0525727
0.8511520 0.0544227
0.8448711 0.0562779
0.8384799 0.0581363
0.8319801 0.0599962
0.8253736 0.0618556
0.8186618 0.0637126
0.8118468 0.0655653
0.8049303 0.0674119
0.7979141 0.0692505
0.7908002 0.0710793
0.7835906 0.0728963
0.7762871 0.0746998
0.7688918 0.0764879
0.7614068 0.0782588
0.7538343 0.0800107
0.7461762 0.0817418
0.7384348 0.0834504
0.7306124 0.0851346
0.7227111 0.0867927
0.7147332 0.0884231
0.7066812 0.0900240
0.6985573 0.0915938
0.6903639 0.0931308
0.6821036 0.0946334
0.6737787 0.0961000
0.6653917 0.0975290
0.6569453 0.0989190
0.6484419 0.1002683
0.6398842 0.1015756
0.6312749 0.1028393
0.6226166 0.1040581
0.6139120 0.1052306
0.6051638 0.1063554
0.5963749 0.1074312
0.5875479 0.1084569
0.5786859 0.1094310
0.5697915 0.1103526
0.5608944 0.1112208
0.5520554 0.1120453
0.5431959 0.1128297
0.5343187 0.1135731
0.5254267 0.1142745
0.5165226 0.1149331
0.5076095 0.1155482
0.4986901 0.1161188
0.4897674 0.1166441
0.4808443 0.1171236
0.4719236 0.1175564
0.4630084 0.1179419
0.4541016 0.1182793
0.4452060 0.1185682
0.4363247 0.1188080
0.4274606 0.1189980
0.4186167 0.1191379
0.4097958 0.1192271
0.4010011 0.1192652
0.3922353 0.1192519
0.3835015 0.1191868
0.3748026 0.1190696
0.3661415 0.1189001
0.3575213 0.1186781
0.3489447 0.1184034
0.3404147 0.1180759
0.3319343 0.1176955
0.3235063 0.1172623
0.3151335 0.1167762
0.3068189 0.1162374
0.2985653 0.1156460
0.2903755 0.1150022
0.2822522 0.1143061
0.2741984 0.1135582
0.2662166 0.1127587
0.2583098 0.1119080
0.2504805 0.1110065
0.2427314 0.1100548
0.2350651 0.1090533
0.2274844 0.1080028
0.2199917 0.1069037
0.2125896 0.1057568
0.2052806 0.1045629
0.1980671 0.1033227
0.1909517 0.1020370
0.1839366 0.1007067
0.1770242 0.0993328
0.1702169 0.0979162
0.1635169 0.0964579
0.1569263 0.0949590
0.1504475 0.0934205
0.1440824 0.0918436
0.1378332 0.0902294
0.1317019 0.0885791
0.1256905 0.0868939
0.1198009 0.0851751
0.1140350 0.0834240
0.1083946 0.0816419
0.1028814 0.0798300
0.0974972 0.0779898
0.0922437 0.0761226
0.0871224 0.0742297
0.0821350 0.0723126
0.0772829 0.0703727
0.0725675 0.0684113
0.0679904 0.0664298
0.0635527 0.0644298
0.0592558 0.0624125
0.0551010 0.0603794
0.0510893 0.0583318
0.0472220 0.0562713
0.0435000 0.0541990
0.0399244 0.0521164
0.0364962 0.0500248
0.0332163 0.0479255
0.0300854 0.0458198
0.0271044 0.0437090
0.0242741 0.0415943
0.0215952 0.0394769
0.0190682 0.0373578
0.0166937 0.0352384
0.0144724 0.0331196
0.0124047 0.0310025
0.0104910 0.0288880
0.0087317 0.0267772
0.0071271 0.0246709
0.0056776 0.0225699
0.0043834 0.0204751
0.0032446 0.0183873
0.0022615 0.0163069
0.0014340 0.0142348
0.0007623 0.0121715
0.0002464 0.0101175
-0.0001138 0.0080731
-0.0003184 0.0060389
-0.0003675 0.0040152
-0.0002613 0.0020021
0.0000000 0.0000000
0.0004136 -0.0019763
0.0009767 -0.0039119
0.0016889 -0.0058066
0.0025498 -0.0076603
0.0035589 -0.0094729
0.0047158 -0.0112443
0.0060198 -0.0129744
0.0074705 -0.0146629
0.0090671 -0.0163098
0.0108089 -0.0179150
0.0126952 -0.0194782
0.0147253 -0.0209993
0.0168983 -0.0224782
0.0192133 -0.0239148
0.0216695 -0.0253088
0.0242659 -0.0266602
0.0270015 -0.0279688
0.0298753 -0.0292344
0.0328863 -0.0304570
0.0360333 -0.0316364
0.0393151 -0.0327724
0.0427307 -0.0338651
0.0462789 -0.0349142
0.0499583 -0.0359197
0.0537678 -0.0368816
0.0577059 -0.0377997
0.0617715 -0.0386740
0.0659631 -0.0395046
0.0702793 -0.0402913
0.0747188 -0.0410342
0.0792800 -0.0417333
0.0839615 -0.0423887
0.0887619 -0.0430004
0.0936795 -0.0435686
0.0987130 -0.0440933
0.1038606 -0.0445748
0.1091208 -0.0450131
0.1144920 -0.0454086
0.1199726 -0.0457613
0.1255610 -0.0460717
0.1312554 -0.0463400
0.1370542 -0.0465665
0.1429558 -0.0467515
0.1489583 -0.0468955
0.1550600 -0.0469988
0.1612592 -0.0470620
0.1675542 -0.0470855
0.1739431 -0.0470698
0.1804241 -0.0470155
0.1869955 -0.0469231
0.1936554 -0.0467933
0.2004020 -0.0466267
0.2072333 -0.0464240
0.2141476 -0.0461858
0.2211430 -0.0459130
0.2282175 -0.0456063
0.2353693 -0.0452665
0.2425964 -0.0448944
0.2498968 -0.0444908
0.2572686 -0.0440567
0.2647099 -0.0435929
0.2722187 -0.0431003
0.2797929 -0.0425800
0.2874305 -0.0420328
0.2951295 -0.0414597
0.3028879 -0.0408618
0.3107036 -0.0402401
0.3185745 -0.0395955
0.3264985 -0.0389292
0.3344736 -0.0382421
0.3424976 -0.0375354
0.3505683 -0.0368101
0.3586836 -0.0360673
0.3668414 -0.0353081
0.3750394 -0.0345335
0.3832755 -0.0337446
0.3915475 -0.0329425
0.3998530 -0.0321283
0.4081899 -0.0313030
0.4165560 -0.0304677
0.4249489 -0.0296235
0.4333663 -0.0287713
0.4418059 -0.0279123
0.4502655 -0.0270474
0.4587427 -0.0261776
0.4672351 -0.0253039
0.4757404 -0.0244273
0.4842562 -0.0235487
0.4927802 -0.0226690
0.5013099 -0.0217891
0.5098429 -0.0209099
0.5183769 -0.0200322
0.5269093 -0.0191570
0.5354378 -0.0182848
0.5439598 -0.0174166
0.5524731 -0.0165530
0.5609750 -0.0156948
0.5693816 -0.0148467
0.5777486 -0.0140190
0.5861002 -0.0132126
0.5944341 -0.0124280
0.6027479 -0.0116656
0.6110391 -0.0109259
0.6193053 -0.0102092
0.6275441 -0.0095158
0.6357531 -0.0088459
0.6439298 -0.0081997
0.6520717 -0.0075775
0.6601764 -0.0069792
0.6682415 -0.0064050
0.6762644 -0.0058549
0.6842427 -0.0053289
0.6921738 -0.0048269
0.7000555 -0.0043488
0.7078850 -0.0038944
0.7156601 -0.0034637
0.7233781 -0.0030562
0.7310368 -0.0026719
0.7386334 -0.0023104
0.7461657 -0.0019713
0.7536312 -0.0016544
0.7610274 -0.0013591
0.7683520 -0.0010851
0.7756023 -0.0008320
0.7827762 -0.0005993
0.7898711 -0.0003863
0.7968847 -0.0001928
0.8038147 -0.0000180
0.8106585 0.0001386
0.8174141 0.0002775
0.8240789 0.0003994
0.8306507 0.0005049
0.8371273 0.0005945
0.8435064 0.0006691
0.8497857 0.0007291
0.8559631 0.0007753
0.8620363 0.0008084
0.8680033 0.0008289
0.8738618 0.0008376
0.8796098 0.0008352
0.8852453 0.0008223
0.8907661 0.0007996
0.8961703 0.0007678
0.9014560 0.0007275
0.9066211 0.0006795
0.9116638 0.0006244
0.9165822 0.0005628
0.9213745 0.0004954
0.9260389 0.0004229
0.9305737 0.0003458
0.9349772 0.0002647
0.9392476 0.0001804
0.9433835 0.0000933
0.9473832 0.0000041
0.9512452 -0.0000867
0.9549680 -0.0001785
0.9585502 -0.0002708
0.9619905 -0.0003632
0.9652874 -0.0004550
0.9684398 -0.0005459
0.9714463 -0.0006353
0.9743059 -0.0007229
0.9770174 -0.0008081
0.9795797 -0.0008907
0.9819918 -0.0009702
0.9842529 -0.0010462
0.9863619 -0.0011185
0.9883181 -0.0011867
0.9901206 -0.0012505
0.9917689 -0.0013097
0.9932621 -0.0013640
0.9945998 -0.0014132
0.9957814 -0.0014571
0.9968064 -0.0014955
0.9976744 -0.0015282
0.9983850 -0.0015552
0.9989380 -0.0015763
0.9993332 -0.0015914
0.9995704 -0.0016005
0.9996494 -0.0016036
